9.111336249914031571e-01 1.122278784316587785e+00 1.109815529032293968e+00 7.139553612709905739e-01 1.158365165143437014e+00 7.141774753883123328e-01 9.543260126412962396e-01 8.991735499986401869e-01 5.491521293848089513e-01 1.264565792313712134e+00 1.018829666963833924e+00
9.774055982756607586e-01 1.020406462105345247e+00 9.753374089881574616e-01 9.891567399594360932e-01 1.101568520472831381e+00 1.711698080554430623e+00 9.395019269800154449e-01 1.104473134316324767e+00 7.368123857039725610e-01 4.204088221870927455e-01 9.933867604553162645e-01
8.617964930206762908e-01 1.143003257744326762e+00 9.350447030006969751e-01 9.609964109528543741e-01 1.000555036747967197e+00 8.724258191721807609e-01 9.595755376140767678e-01 1.013146653863216562e+00 1.132104952810532028e+00 6.430097683009219356e-01 9.692802853853997869e-01
9.799921555069868173e-01 1.073483415601231616e+00 9.653636220616003127e-01 1.183270726629743530e+00 1.123461553948331249e+00 1.175512958560083421e+00 1.027640765991693073e+00 8.303631351483629075e-01 8.875519886978039397e-01 9.955147069692625861e-01 1.005510614406484926e+00
1.011041494671178542e+00 1.364904700306290186e+00 1.077886789148947644e+00 5.713558771963687111e-01 1.161502994139483436e+00 1.171947020580281773e+00 9.680357561132197919e-01 9.738194842590841560e-01 8.359504017336367721e-01 1.038913796646970811e+00 9.853754986661107385e-01
1.071080721644571687e+00 8.788682615064121739e-01 1.033106860257040571e+00 8.432442301639964111e-01 7.773058296829604696e-01 1.331314877052510948e+00 1.013617143405870280e+00 9.423312724807084706e-01 1.023486138712325744e+00 8.247157465236155671e-01 1.015278082465457921e+00
1.044441923745816458e+00 9.164877517337670643e-01 9.823543440413642358e-01 9.781809966036426607e-01 1.386385655700046682e+00 9.256443332382384703e-01 8.816157553355500331e-01 9.381536686478689768e-01 1.193754541823826232e+00 1.164336787113934513e+00 9.952819285045301223e-01
9.394863784459015488e-01 7.428551768715558890e-01 1.000172577326873258e+00 1.073026682119942343e+00 9.749318490042592211e-01 1.019064085610625003e+00 1.001297418125325578e+00 1.225537370236656987e+00 9.176354910817694499e-01 7.167689387859765837e-01 1.002567506177703738e+00
1.000561210454816718e+00 1.154366638555368141e+00 1.028286447974356310e+00 5.018247666808529628e-01 1.118708457740322126e+00 7.547989243119288538e-01 9.011167436823888099e-01 1.095751337426017935e+00 9.452770302124755553e-01 1.111090410811084839e+00 9.898910673957904693e-01
1.065955364146712325e+00 8.616609278346567535e-01 9.997783759195753017e-01 9.906200395005371195e-01 1.475210068414865905e+00 9.168974822205124831e-01 1.003237719440076336e+00 1.037167578008886704e+00 1.165481159625352703e+00 3.310266403387893686e-01 1.003099929078596908e+00
9.734324895053361182e-01 9.176236317848540658e-01 9.816645989266628014e-01 1.098970631126155562e+00 7.248757657345541450e-01 9.620521904877852304e-01 9.353840209386712345e-01 9.909879243933920057e-01 1.342940011675769041e+00 1.227227164690923633e+00 1.010984533038104649e+00
1.105393215068882107e+00 1.370530958453393122e+00 9.479207662783890598e-01 1.326469902918918198e+00 8.770741284147749450e-01 1.622953842043821648e+00 1.055992746782057568e+00 1.105804970650646757e+00 1.106321989595020039e+00 4.922881522468089965e-01 9.904498820603409026e-01
1.019443588269429490e+00 9.974427078672136737e-01 9.850498344679090579e-01 5.129743599191134429e-01 1.120604717358894442e+00 4.186660820814913642e-01 9.490981325657295020e-01 9.257647001814226506e-01 9.514823953327616879e-01 1.150435344866765464e+00 9.939328834990319717e-01
9.890587549906962872e-01 8.830085640938664104e-01 9.944789982970806408e-01 1.086360405801293005e+00 1.152763266349981830e+00 9.370118979723088826e-01 9.386677931906444172e-01 1.190493840912281831e+00 1.303397092942143898e+00 1.044519448759853475e+00 1.011228649216670883e+00
9.629512534327618889e-01 8.432921356542376623e-01 9.318977820556640923e-01 7.994300902064547243e-01 8.849501147719588401e-01 1.219977354188823027e+00 9.111866904265448763e-01 8.369017586471632075e-01 8.776269290584555183e-01 8.764753378170020426e-01 1.028266807406956529e+00
1.007225676820269866e+00 6.632341791689094768e-01 9.908230576226199071e-01 1.222788543632777003e+00 7.867982203824510634e-01 8.991320126870049334e-01 1.146718018533536165e+00 1.000887226394074236e+00 1.031471257608237657e+00 1.053297990139159923e+00 9.886271943699942444e-01
9.779690768361091191e-01 1.106959751258928870e+00 1.024461900280062121e+00 1.238886253776928958e+00 6.340381309359715001e-01 8.964561064586209493e-01 1.015716399694996497e+00 1.099576351356202686e+00 7.610192822615543529e-01 1.034090056074800312e+00 1.007468535407318955e+00
1.063619752063589274e+00 1.224079226993331382e+00 1.037098586220292384e+00 6.864564783106651413e-01 8.218587981978937584e-01 8.382577376258890656e-01 9.216953221885120229e-01 1.214691307384853758e+00 1.231195414268298816e+00 1.398249025391142153e+00 9.930882190948521204e-01
9.674539072124439532e-01 1.129820957649481761e+00 9.679825639074058907e-01 5.526350991527291256e-01 1.060407423518260561e+00 7.032857205018281377e-01 1.015266973650063909e+00 1.022135805216563886e+00 9.904895111255193063e-01 7.974949930711364710e-01 9.865417920960185549e-01
1.042521042320764701e+00 1.331194885979774867e+00 1.004128278389074591e+00 9.354454924433855956e-01 8.643611137885850448e-01 2.036760486191955266e-01 1.035265574980821057e+00 1.052826195297730916e+00 9.387810631449017285e-01 6.613077344650916123e-01 1.000382241746676559e+00
1.060253743420291883e+00 1.453332925236449080e+00 9.974043605913657240e-01 1.138507985470827322e+00 1.313596199869979220e+00 1.184935500402744868e+00 1.034355900589019273e+00 9.105657333798731212e-01 9.305185557015539510e-01 1.198976236977473686e+00 1.018214634410969710e+00
1.082330860945463824e+00 3.309706699347503278e-01 9.696645065371006789e-01 1.320309468249652785e+00 1.012704692954498942e+00 6.682795449042591152e-01 1.061429474661697459e+00 8.648366030710941121e-01 9.273705862433266889e-01 1.366765561656482220e+00 1.000976099507199235e+00
1.059169014477301163e+00 1.381039136340273421e+00 9.375771443597378241e-01 3.586928936166114967e-01 1.078924526791280147e+00 1.316968837201702991e+00 9.419306818496501199e-01 9.520021429464201601e-01 1.109693448436563479e+00 1.301768397587757864e+00 1.035600052104976854e+00
9.685910429718538328e-01 7.047279053697121931e-01 9.618019636639981718e-01 5.316285233394733023e-01 1.009048218586003243e+00 7.931780255719310668e-01 9.370763521761092951e-01 1.015751880941959229e+00 1.041563138178005943e+00 1.344426834735686249e+00 1.011965172292636383e+00
9.403210110453965598e-01 8.372996444232148061e-01 1.006618984123972549e+00 8.842188382214403175e-01 1.187697393058489093e+00 9.201833547631085297e-01 1.039422026407494926e+00 1.114305140582173337e+00 7.460065504935800007e-01 7.023117696706069335e-01 9.978831570760098302e-01
9.364303841673685680e-01 1.583694351720970950e+00 1.066616524740930050e+00 1.834436093050741734e+00 8.572086508782379433e-01 1.293228434388316472e+00 8.531139189131421441e-01 1.045180625758891590e+00 1.255969325876999054e+00 1.353294032580042217e+00 9.882710077229804879e-01
9.620602185744202561e-01 1.136464849616514616e+00 1.092169467504287450e+00 1.057468835013660735e+00 9.678194091019495238e-01 7.723069430261682022e-01 1.011327799128870719e+00 8.258303815795540181e-01 1.509176782929555483e+00 4.839220363074864251e-01 9.736152951666645627e-01
1.103198035913894204e+00 8.122719482889176890e-01 1.007491346547899180e+00 8.271783397019198958e-01 5.958673906544511567e-01 1.863745717719497819e+00 1.081735124989990471e+00 9.026780001144056875e-01 6.796989761963034837e-01 8.725950829151802868e-01 1.006903831608396915e+00
1.051031901192795104e+00 9.800646213872870049e-01 9.067248610695595179e-01 1.094901806490349960e+00 1.127462626420125513e+00 9.716292325213495840e-01 1.088607012568555854e+00 9.135047668356628403e-01 6.480635455557068880e-01 1.157740823250575701e+00 1.013986748487250455e+00
9.570012267241961856e-01 9.927588792451308430e-01 9.687886756918542286e-01 1.166071137698365678e+00 1.063753238072475460e+00 1.202270023862260118e+00 9.930316132141128183e-01 1.034963269062638691e+00 7.800236192990287476e-01 1.192859078472131573e+00 9.990626300290547102e-01
1.002921149815308111e+00 1.333382772347388112e+00 1.043048035141332930e+00 6.824050091908234750e-01 8.073119143160587541e-01 1.024437663049319047e+00 1.026511103570106886e+00 9.776767301487926387e-01 8.761505350172997808e-01 7.494910200934896682e-01 1.007128756507902789e+00
9.867827064097524081e-01 5.878003452825200092e-01 1.005725975683737561e+00 1.251396895347540061e+00 1.284594893656115566e+00 8.450441122516453296e-01 9.745231768164256403e-01 9.533737317347092954e-01 9.642755533202065354e-01 8.432176158456363702e-01 1.016336136336703166e+00
1.003997882343780956e+00 9.594589774330534171e-01 1.023973716950325130e+00 1.079430334717281337e+00 9.535594998893062169e-01 8.577209202778189878e-01 1.020571717386991928e+00 1.096853468714611424e+00 1.265813626933080194e+00 9.182098908474498611e-01 9.910192546250520262e-01
1.023716189419296096e+00 1.015397185568183813e+00 1.051403602172804597e+00 8.782249506251506022e-01 1.505527357281167600e+00 5.799131798671044447e-01 9.467970673310870389e-01 1.054599290023849445e+00 9.606773553755342254e-01 1.269888311263872582e+00 1.015998577131363767e+00
1.009302967362604386e+00 8.662354424103881900e-01 1.045731863400128026e+00 7.548010170034226141e-01 1.058356225968651865e+00 1.102720809106932931e+00 1.075008817770820579e+00 1.050346022954658176e+00 9.797255797315542747e-01 5.323582113842273422e-01 9.920109247217292481e-01
1.000872469953530297e+00 9.458567008035840828e-01 9.437675333285466817e-01 8.108574287469171304e-01 9.848280015237866891e-01 8.698915221230301142e-01 9.505843017212844970e-01 9.927152371806639009e-01 9.339284148897403215e-01 8.132287022911780516e-01 9.945703154163715309e-01
8.979551394831734035e-01 8.039686397752155989e-01 9.163183796124506619e-01 1.123365148347568176e+00 8.947632755101516677e-01 8.132715764377939083e-01 1.036076800808967358e+00 7.628453106908119619e-01 8.054898786114877973e-01 8.625268919125113065e-01 1.012619427333389721e+00
9.541232481609389637e-01 1.606242474169255363e+00 1.018382822687253553e+00 6.468732414701141575e-01 1.288819049143154816e+00 7.006163549967302506e-01 1.110430600133844425e+00 1.092385450668452940e+00 8.705338119294608878e-01 9.111293911912154986e-01 1.004254761919993300e+00
1.052721275110029442e+00 1.239564467687525928e+00 1.013941043335679248e+00 1.104869705208130881e+00 1.321710864808502528e+00 6.716883193194846946e-01 8.095017250420111221e-01 1.123612229427844111e+00 8.311920788906790314e-01 1.698978066294384526e+00 9.913705763126647863e-01
9.722087315116885176e-01 1.047861558619634259e+00 9.529246720003307081e-01 7.882975369792870612e-01 1.068152854907230997e+00 1.145913128575942519e+00 9.453076933111969060e-01 9.598179445395974563e-01 1.424435178324197082e+00 1.115660958311934126e+00 1.001256590240592548e+00
9.898888468704324373e-01 1.231677556688437702e+00 1.001574128625192683e+00 1.061457783602008265e+00 1.035987221759689048e+00 7.515724736479365564e-01 9.730303551234119608e-01 9.264040988239855556e-01 1.064865324925671430e+00 1.180160074631870115e+00 9.890782848764205770e-01
9.178626576408133175e-01 1.242841523422665073e+00 9.839722339621284064e-01 7.337734887305880083e-01 9.204820765129213544e-01 1.067708663775488898e+00 9.853800405343219326e-01 1.011862973598105286e+00 1.044846461194786302e+00 1.000022531297712458e+00 9.840248558826864000e-01
9.236737735307867236e-01 1.070353467675844161e+00 1.014742292753994635e+00 7.737731710140923758e-01 1.072355413740723851e+00 9.817127857110149458e-01 1.122054578806072067e+00 9.619694951354629264e-01 9.894050310243364121e-01 6.078704983079856738e-01 1.003997206805950171e+00
9.998116594854037364e-01 6.101825861772440796e-01 9.239234566549061611e-01 1.486022848427529741e+00 9.493169373258489863e-01 9.932141602350167409e-01 9.174654736776302055e-01 9.625858131452714739e-01 7.903593828739691185e-01 1.216196488494951877e+00 1.014727650128537384e+00
9.926031389122814685e-01 7.827693402681628054e-01 1.046759828410623205e+00 8.196089134044508562e-01 1.039733377417524363e+00 4.726214403102134698e-01 1.084552796151674103e+00 1.144301360921177846e+00 1.120806838121523707e+00 1.098205045484394349e+00 1.002193138853443077e+00
1.007879653756970972e+00 1.341900183568307980e+00 9.884327974279687457e-01 4.560068099978055178e-01 9.159808008793002276e-01 9.868944090388468426e-01 9.974839842922743616e-01 9.078515899019267144e-01 7.494003303938889804e-01 3.142696540325108367e-01 9.874637602891273014e-01
9.430483855943377902e-01 1.067579666660667836e+00 9.938076622877222155e-01 1.040694319184623406e+00 8.311996709111620918e-01 7.798053102576162354e-01 9.866984378062462202e-01 1.163169713972536101e+00 9.971159745351755310e-01 1.432774261982480590e+00 1.014231751904014489e+00
9.603084133536831102e-01 8.229801633594370225e-01 1.042114153740581362e+00 7.662861225084407479e-01 1.043286342767998365e+00 3.500269829510271880e-01 8.688231279243627814e-01 8.817465691764762026e-01 1.321050531850243015e+00 7.670465623902544827e-01 9.966258840364893290e-01
9.822585562746769527e-01 9.076270149995684378e-01 1.112318911988896319e+00 1.037511981358509416e+00 6.649532675350502409e-01 8.845187266712849494e-01 8.395091775147145441e-01 9.163094374486430160e-01 5.683438397744480231e-01 6.342773766496647703e-01 9.685983183402520069e-01
1.033201764772924802e+00 1.033190419156536866e+00 9.585077058381041848e-01 1.546341340550333010e+00 1.023541529623727131e+00 6.817514216346109990e-01 1.230235349393277167e+00 1.071560218970916356e+00 7.727649266459459820e-01 8.276663195674656137e-01 9.819106975990624653e-01
9.347685974866017933e-01 1.439450168313583411e+00 9.122023510550874015e-01 1.192512122337036962e+00 1.270742602986958625e+00 1.276667515568147948e+00 1.151275350604410441e+00 9.873543022536519498e-01 1.057532628651999929e+00 1.209664586313875745e+00 1.007577569501272530e+00
1.121774190252935233e+00 1.187584869843051560e+00 1.056189075446749337e+00 7.816339297188440449e-01 8.019004306131857218e-01 1.525787284071688177e+00 9.915156742764664743e-01 9.487556217434681693e-01 1.054058896103390097e+00 1.008343442981766369e+00 1.006449237142037934e+00
9.072921777800021514e-01 1.001975658697435767e+00 1.020430853293031292e+00 1.089392057610665709e+00 1.299015357778184887e+00 1.211108268263315857e+00 1.120889873923560653e+00 9.326362416711982961e-01 9.508864177828549868e-01 1.120969823996208481e+00 9.948893027670905331e-01
1.074692938685100962e+00 9.653215637684284811e-01 9.859686371987848030e-01 9.482363767049493131e-01 1.205160061751158196e+00 1.089870757704396453e+00 9.801073785161036334e-01 1.016822389209794286e+00 8.906062425871166255e-01 1.549074877412379703e+00 1.009878033333861058e+00
1.035102144451057971e+00 6.909690360509582741e-01 9.606499193991837604e-01 6.514458086742160869e-01 1.054233376964218705e+00 1.370896900982931488e+00 1.032380382796137752e+00 1.025141845023825882e+00 8.843322083775804199e-01 7.728090260530871003e-01 1.008329427565172853e+00
1.001639942477427159e+00 7.569139663252061334e-01 9.567900553326672553e-01 1.447718347588937915e+00 1.256824514403645843e+00 6.535973789371223308e-01 9.878247560549414663e-01 1.006874800761917710e+00 1.243449624664775710e+00 6.248204622187063517e-01 9.927772743823625179e-01
9.560708042716528077e-01 1.173429413899467644e+00 1.044414906957207956e+00 1.071590441130512383e+00 1.165275895471583834e+00 5.925443008954260904e-01 8.961839987775125360e-01 1.042918108653746234e+00 1.152543177229347959e+00 7.998260724864658666e-01 9.766467358883649252e-01
9.984971628076154682e-01 1.026062304848296636e+00 9.450277684238770348e-01 1.152724337690421486e+00 9.383205494787544287e-01 1.400152249640280511e+00 1.042229312026599297e+00 1.018956258887190991e+00 1.141897645770612257e+00 1.057026173294810301e+00 1.005413211690526554e+00
1.028957873897086372e+00 1.216056439251723686e+00 1.060354132396345239e+00 9.634582844368474452e-01 9.586789031078226664e-01 8.534246967764156366e-01 9.532696146116796942e-01 1.047554028113319546e+00 9.058668817728623424e-01 1.451017958543905584e+00 9.997557270552799302e-01
1.004053173615700123e+00 5.720206682871835646e-01 1.019648139058585201e+00 1.395592724274067997e+00 1.245000170705215403e+00 9.989509402179718167e-01 9.566034245741057429e-01 9.192791320978110914e-01 1.076383908634055420e+00 7.263435856138891200e-01 9.872204192438365222e-01
1.046567572112711897e+00 4.220337471694945997e-01 1.048250078275047459e+00 8.574473048450945711e-01 8.656251743231148099e-01 8.625464983190760382e-01 1.106508719661976281e+00 7.868969295347659765e-01 1.125428074577080606e+00 1.244099134511733151e+00 1.027610256267995403e+00
1.053928101309731913e+00 1.093246542739092941e+00 9.748231443041565081e-01 1.637942940321720275e+00 7.208900313233301826e-01 6.392776332393665939e-01 8.333331850637432092e-01 1.056437450965935998e+00 1.007137128163680062e+00 1.071451020883143812e+00 1.012127117108976515e+00
1.015643462073030800e+00 1.280674903292915889e+00 1.021675123129061502e+00 7.264097784985370510e-01 9.023256487985256147e-01 1.094900684440463401e+00 9.684990185272529528e-01 1.134118369833697626e+00 9.371743809992163499e-01 1.129035718661454801e+00 1.016889424589948909e+00
1.045578710177288650e+00 8.881118554653255615e-01 1.080995381930895505e+00 7.196867183689683589e-01 8.704809347780351203e-01 9.361957785636383367e-01 1.131219672343561689e+00 9.449335574530622894e-01 1.002849381207963519e+00 9.728540603047450830e-01 9.877733362784804072e-01
9.699076919894498161e-01 1.521584323206242706e+00 9.647157113356510383e-01 1.598274660038951023e+00 1.200894874359630382e+00 1.082007364284331308e+00 1.178936940159116098e+00 1.023197439241672058e+00 7.308171130404463867e-01 8.580203307257115997e-01 1.025840325823803134e+00
9.763179056659516686e-01 1.112359472129458515e+00 9.785573838455704498e-01 1.064768821084580930e+00 1.217715240760471440e+00 1.045401377413302413e+00 1.135858560406574957e+00 1.139770061099144360e+00 8.512061355586042488e-01 7.908995435543210162e-01 1.020516173089182077e+00
9.956781673815685574e-01 5.980342687939506074e-01 9.001775815896744248e-01 9.304599929560696259e-01 9.272794576863314653e-01 1.229138736434151946e+00 8.723946405113190972e-01 8.960153135648480927e-01 1.314052075382362350e+00 1.405569862740716047e+00 9.922889473814664463e-01
9.446913048375150668e-01 1.466858425502568508e+00 9.769939583595602661e-01 1.188206125943774394e+00 1.141829594711946561e+00 1.360983705945198574e+00 1.046151279943311252e+00 9.687110607048540212e-01 1.046734566157813351e+00 1.204450192900783589e+00 1.012950785536743670e+00
1.009831201308574844e+00 4.781799103294250841e-01 9.280841736324364488e-01 8.544310236221837052e-01 9.128665640873079301e-01 4.147883615762248954e-01 1.128167348525952018e+00 9.115202039487269037e-01 8.162273983718461023e-01 9.233800603776350924e-01 9.889009272881298385e-01
1.034102133533524981e+00 8.594435366696003831e-01 9.641306812521256431e-01 1.173597945053559188e+00 8.285581534312453922e-01 1.311928548084815294e+00 1.006455997167466032e+00 8.872599733724638726e-01 4.912309492221956786e-01 8.870666587477495924e-01 1.002787041184038275e+00
9.516589021113835978e-01 1.010122929253430168e+00 1.072573232767821239e+00 1.245102530345553404e+00 7.837742119371678973e-01 1.020122464268354845e+00 1.072169620023632142e+00 9.697705438556070145e-01 9.692775953914456455e-01 5.186414716702828498e-01 9.897856511316602823e-01
9.960178077910615269e-01 7.995794620383488427e-01 1.038783534888368276e+00 8.866974917204787365e-01 9.561520493974002832e-01 3.115923576592333211e-01 8.830721648813242286e-01 1.004992507667071600e+00 1.090001315960092088e+00 7.229170464761616177e-01 9.812634563027436974e-01
1.028068212703292073e+00 7.895868574075591839e-01 1.015626819978667106e+00 7.028882234571836030e-01 9.660346002297348633e-01 9.668094745267580281e-01 1.164189250840449219e+00 9.843207432780789468e-01 1.010841949478094470e+00 1.169145377343266512e+00 1.015564112203501290e+00
1.026868252128192882e+00 6.334797832551870567e-01 1.031710572732086773e+00 1.382017080154408717e+00 1.021355122714874053e+00 8.291656656971796435e-01 9.778863203798692227e-01 9.055560694213078410e-01 8.072226491787449776e-01 1.290104568987821221e+00 1.005906830667162355e+00
1.016371275290795184e+00 8.164811226395524146e-01 9.521197169188069243e-01 1.281076465004803655e+00 6.780546084018788111e-01 1.008802035641106709e+00 9.630962415839648960e-01 1.172459536711559558e+00 1.100308162559830993e+00 4.093282251831648066e-01 9.977016863270409264e-01
1.020805598430375216e+00 8.959630539250397208e-01 9.494813856831122445e-01 9.748227339774776512e-01 1.150812260767431816e+00 1.140752472895562919e+00 9.666941210078512370e-01 1.029954253245271012e+00 9.566841524750070436e-01 1.465214563262349889e+00 9.847127406108154846e-01
1.063034224278036621e+00 1.088189636297099749e+00 1.100008570332322355e+00 1.355571156587212389e+00 1.080739932110814427e+00 7.264429496997235614e-01 8.774088937788198095e-01 9.302750568677353726e-01 1.050874356881191352e+00 1.943072907595674081e+00 9.790882576683543892e-01
1.072626129408874585e+00 9.325432523062393564e-01 1.027233270283571809e+00 1.009989417045122684e+00 1.190316679883955064e+00 1.108490134381755032e+00 1.070608160883301130e+00 1.157136418176874848e+00 1.457203671180077986e+00 1.255439146479980561e+00 9.893297933634100927e-01
1.032091678994599526e+00 9.300377138883991757e-01 9.725463434249024264e-01 1.005316405367230770e+00 1.197445494919187281e+00 8.188854609214587521e-01 1.025657227578129049e+00 9.723118687478325972e-01 9.085042732978657609e-01 7.008297306476372057e-01 9.965753447269664056e-01
9.548937528039549427e-01 9.685715883097906209e-01 1.054064267497151430e+00 1.309901197404396811e+00 1.028619063126195776e+00 1.341984851998268891e+00 1.064990863725876258e+00 1.032333824440533343e+00 1.210308664894727659e+00 9.303837002198273032e-01 1.000114477056108120e+00
1.022635995392594088e+00 1.407029434495852493e+00 9.512030767797285957e-01 7.649254288990329220e-01 6.868567577985447148e-01 1.285795564629480747e+00 1.030545349082292006e+00 8.158698067166129109e-01 9.728105190291422844e-01 7.602478827366575542e-01 9.990208600271087702e-01
9.652862310024072912e-01 6.204503799796519115e-01 9.561761151830686645e-01 9.118281133028557361e-01 9.050700169998958655e-01 8.216738952361645199e-01 1.080729917185238698e+00 1.150631020150077788e+00 1.193122267524167945e+00 8.185365008488636462e-01 1.003416069137175626e+00
9.878244132593690940e-01 9.062603531124900913e-01 1.093983089947681453e+00 6.165994177146928434e-01 1.170573207627854107e+00 6.232179123751806493e-01 9.043902206389112797e-01 1.281394973187348629e+00 1.069508168275462356e+00 5.571651007933746680e-01 1.007810885698505743e+00
9.470557831527969261e-01 9.471085430967794982e-01 9.334250025303133524e-01 8.038610871897855503e-01 1.260776361420504754e+00 1.184379419284942836e+00 8.915908003850814278e-01 1.077876120122301495e+00 1.065665968006439535e+00 9.425647180642402478e-01 9.911543375130210665e-01
9.130998054836402256e-01 1.161763962345993884e+00 9.102347334501794673e-01 1.126407195226400759e+00 1.013558649563259140e+00 1.460975372957979967e+00 9.992168037166905270e-01 9.982856431129329966e-01 6.396412718022777000e-01 9.697685116552989815e-01 9.830727974533632896e-01
1.008109024342928706e+00 1.271800739627446664e+00 9.760755517853088037e-01 1.001003402667720366e+00 1.112683880562443939e+00 1.440042425787413594e+00 1.174666149825912997e+00 9.857104265333531679e-01 1.208584008418382316e+00 8.961689607096700039e-01 1.000781644428484496e+00
9.259448619433356953e-01 1.157674123096470664e+00 1.073876473887329430e+00 1.359698329699867703e+00 1.105239132361355292e+00 9.512824665798473855e-01 9.956675164880377515e-01 1.020553770732987919e+00 1.180214447784494025e+00 1.416652845032370989e+00 1.022731650370829470e+00
1.025845913983444380e+00 1.544223678988444259e+00 1.026765616785597857e+00 1.052158147219591999e+00 8.532586629210312523e-01 6.912988007422951053e-01 1.111096431147531982e+00 1.063137719536247028e+00 9.676404370033379054e-01 9.341522948765040857e-01 1.008937406288495264e+00
1.015378483969199053e+00 6.828569387334920693e-01 1.011748415522554900e+00 9.403146946088163372e-01 1.133934031213050364e+00 8.889403111902409726e-01 1.008792579425222158e+00 1.169172602192483534e+00 8.689459790110650728e-01 1.076801922316254823e+00 1.010369710738087790e+00
9.832870018942927448e-01 1.358668477492131377e+00 9.733908211661004284e-01 5.897208836257332720e-01 5.373130162982904245e-01 7.345312033371282912e-01 9.514011070308094897e-01 8.672622244304523109e-01 8.430990968360513316e-01 9.050651106563205595e-01 9.937144904015957625e-01
1.022252140769655648e+00 1.302361725037183060e+00 9.984678655917970103e-01 9.195452661328524790e-01 8.373186649121965308e-01 9.774231477720418670e-01 1.005507487697053337e+00 1.069523806044239578e+00 6.070008429743313227e-01 1.651053143892441843e+00 9.762588408904513404e-01
9.287515516788061865e-01 6.494573083133601266e-01 9.796118951069680003e-01 1.403970682613484344e+00 9.787845332443411150e-01 1.128149095692664083e+00 1.029764937645011758e+00 1.059927801746499254e+00 9.823303563990962717e-01 4.508006554646870612e-01 1.001823642704205541e+00
9.713640431411709741e-01 8.498291815388805404e-01 1.034710219417669386e+00 1.017159445262786788e+00 6.478011282334275034e-01 6.023143953571656883e-01 9.610820894449247920e-01 8.851091419984113973e-01 8.275054286127394576e-01 9.143975223303343336e-01 9.748112299800451019e-01
9.635251187737187140e-01 9.815711823875468145e-01 1.017951922608196114e+00 1.299732605702443644e+00 8.514116560506831410e-01 1.536112073880187889e+00 1.078972902184050842e+00 9.808664255103957119e-01 1.329176165451465996e+00 7.538989895941574648e-01 1.000506287627492830e+00
8.943387365377541975e-01 5.491730799354920256e-01 1.058414910409106291e+00 9.021107440399802613e-01 1.210340748120966037e+00 1.156666207555801185e+00 8.597840013088094979e-01 1.040987201272515650e+00 9.146980743719707041e-01 1.143970438825861358e+00 9.907452895023127759e-01
1.090261117905408916e+00 1.087538476909031271e+00 9.242571022318213370e-01 1.686758234538894952e+00 1.338408082353756079e+00 1.251776712511902812e+00 9.776378759467927448e-01 9.746372342548266232e-01 1.080371899825529614e+00 1.093923753010567212e+00 1.006113007590410557e+00
1.079853170496075876e+00 1.249423875706592968e+00 1.070426932977282863e+00 9.978020072056407175e-01 9.236303826185394694e-01 1.087405970387746335e+00 9.842595277753478644e-01 1.086680497020396263e+00 7.547051156732652588e-01 9.583142649970459725e-01 9.917002286693580304e-01
1.035860831621294276e+00 9.009543592034834347e-01 1.029241609455387563e+00 5.751195395752719541e-01 1.070045383930716465e+00 1.270636139833552836e+00 1.116288718107969924e+00 1.039064101878365065e+00 9.231533732516166157e-01 9.012050809779383886e-01 9.836119325762014975e-01
1.017550581212439464e+00 7.736441850114125218e-01 1.029898257691431507e+00 6.998191781282712132e-01 8.138519625672130386e-01 1.240357756782476395e+00 1.057810056464876469e+00 1.075072909306417746e+00 1.130056094653286491e+00 9.917026301612348327e-01 1.011453126801688640e+00
9.664632793459128068e-01 1.265075923819275250e+00 9.776603681750701824e-01 1.111675152709629133e+00 8.989071162700198458e-01 1.355494854434342145e+00 9.947732253274401693e-01 9.667855993366304412e-01 1.278536541904902624e+00 1.082674481984730930e+00 9.946835134973585069e-01
1.036932360211970661e+00 7.464792516711981074e-01 1.083530992054104081e+00 1.115506852144823036e+00 1.226428471680971466e+00 1.054871469347909096e+00 1.095080352431538673e+00 9.419986985846487970e-01 1.059779428991175276e+00 8.473451765571575756e-01 1.017066553451386746e+00
1.037928355745539433e+00 1.544980059205880440e-01 9.466062104150831935e-01 1.134448609684033826e+00 9.888608416318980243e-01 1.076263284291397726e+00 9.574147736002565079e-01 1.059406396608472134e+00 1.036949915787406251e+00 1.337168520515834569e+00 1.019017220868675633e+00
1.027550430373655788e+00 1.206141327265200180e+00 1.012721890721996587e+00 1.217300639741919932e+00 1.247431166276610881e+00 1.030381694968560691e+00 1.052175057795519564e+00 8.712237292502792441e-01 8.467313673778804617e-01 1.310151800134591094e+00 1.010656530099416139e+00
9.948204275601351121e-01 1.056169079138937539e+00 9.185736276939192591e-01 1.517529803879434036e+00 1.051951559369510125e+00 1.062716467807356180e+00 1.000288212477441263e+00 1.027073747739284837e+00 7.998263170860806515e-01 9.475160985359117882e-01 9.825026199946603755e-01
9.753982036851395199e-01 7.389984915765852591e-01 9.931822340997888965e-01 9.673309038636536128e-01 5.858831145202868518e-01 1.162432862834184677e+00 9.811413732997342763e-01 1.002791116748148026e+00 1.027886688952637684e+00 6.818262420026501847e-01 1.021398571901862784e+00
1.011411144449039456e+00 9.225147435402952789e-01 9.927361193930106520e-01 6.404652269087547367e-01 7.465197509748250360e-01 8.804535780559388236e-01 1.087492987149228929e+00 9.568769956271159227e-01 8.190160829628176931e-01 1.375253853791617908e+00 1.009300907018979787e+00
9.971248056936983239e-01 1.715944296948523018e+00 1.049901369495189085e+00 2.349683037223059268e-01 9.447908738723839184e-01 1.001043453320861421e+00 8.949943951540041409e-01 8.897228176744569339e-01 1.020263119200190305e+00 9.856240364118452613e-01 9.985102731590643765e-01
9.706429145946144921e-01 1.285769469715454250e+00 9.888588532537800901e-01 6.688237040677157408e-01 1.091446235191355862e+00 1.204851208864078815e+00 9.260591337177919158e-01 1.066741942522677844e+00 1.018937012810583465e+00 8.336067257491190929e-01 9.825123316612681679e-01
1.013674897933431795e+00 7.684846093324365635e-01 1.001979252197946035e+00 4.724357161077237244e-01 1.094775733936797169e+00 9.089928206910509179e-01 1.045546137403863263e+00 8.520329110041586773e-01 1.221960660520621911e+00 8.052155353858601039e-01 1.009713690502763495e+00
9.805412722600985731e-01 1.296326342891406469e+00 8.883482637670258031e-01 9.009899426218797025e-01 7.642309484451771384e-01 1.334552072937155831e+00 9.139287559454275511e-01 1.049815108823031418e+00 7.772417447484111230e-01 1.386138300312674598e+00 9.959823665236683388e-01
1.157049098978405022e+00 1.202152418186852145e+00 9.898983298163391842e-01 1.271896660929469292e+00 1.035298991939057167e+00 1.116430899617295580e+00 9.761838761077659132e-01 1.082776289343861054e+00 7.940383817631568864e-01 1.060406634189765551e+00 9.941653185063620279e-01
9.379835609352072945e-01 1.415674175309781679e+00 9.835585756765254928e-01 1.427804097457272769e+00 1.423872327100959456e+00 9.538342142948942337e-01 1.048711432630049512e+00 9.202951385445627963e-01 1.175549021309906905e+00 5.941512503281793922e-01 9.958193354629465421e-01
9.270211842204997277e-01 7.000261906095239794e-01 1.040323809914386333e+00 4.097212253470783327e-01 1.365360465148032665e+00 5.435552254022679719e-01 1.101644776947932280e+00 1.078821267934055417e+00 1.273932836122594781e+00 8.524046547724652978e-01 9.974631250922512127e-01
1.014139004888784834e+00 5.769245993416165508e-01 9.983176250371096350e-01 1.262805182476924859e+00 1.086216474801259047e+00 1.604907546437655874e+00 9.157460649747268810e-01 9.647707935692951819e-01 9.007361278008826355e-01 5.620641220407656125e-01 1.008985351445181644e+00
1.094617855555230612e+00 6.730315217661677618e-01 1.058090670016110346e+00 1.570025741230996363e+00 9.636471250967726387e-01 8.090910489871477873e-01 1.053688912993353544e+00 1.068577475648358588e+00 8.528558036353510730e-01 1.032663386978922349e+00 9.846613414841640655e-01
9.942154204475818213e-01 1.128046899858367702e+00 9.871417343680035650e-01 1.379137521877025208e+00 9.358437686796458044e-01 1.106128927792594085e+00 1.049494300804491242e+00 1.063849723396215641e+00 9.858889144163541784e-01 6.770007370332609131e-01 1.004615553822919560e+00
1.055427743501017757e+00 3.265959560448825627e-01 1.013072811699454956e+00 8.618778976004040082e-01 1.018105910641929457e+00 1.042210857807240654e+00 1.041490786177541539e+00 1.029254830612201799e+00 1.073015412953253644e+00 8.689858204180908041e-01 1.003205247839757508e+00
1.030263971017756353e+00 9.383970709695649282e-01 9.863874224896804765e-01 9.532364410430418378e-01 9.911543888584791739e-01 1.408888656255191663e+00 1.092736853761307358e+00 9.795071322604682607e-01 1.164180129811756670e+00 7.806514959198073145e-01 1.008508231138625977e+00
9.850710515086075203e-01 1.009132307263028272e+00 9.955893822367875012e-01 1.285798469131599786e+00 1.175036912361508978e+00 1.265010647745447692e+00 9.086058328558876962e-01 9.577181088111705876e-01 1.083957824353778410e+00 9.558531993414923766e-01 9.660852630228746740e-01
9.478615163780134134e-01 7.605565288199218621e-01 9.405461220320644466e-01 1.434260110744125960e+00 9.960239061072284628e-01 1.136292449502619428e+00 1.023032921564875908e+00 1.110415542143153189e+00 6.188810431417439695e-01 1.024135827396419174e+00 9.983060421141600749e-01
1.018566836433875578e+00 7.127178274572353311e-01 1.008302382538524444e+00 8.715434196721566495e-01 1.108794633684714537e+00 1.154240714639633403e+00 9.439417160863839973e-01 1.008165293690426845e+00 9.132694361000424088e-01 1.022088257623757324e+00 9.720023423862124146e-01
1.048929501746912685e+00 7.213666128078166651e-01 1.048846475942730727e+00 6.005232979081632783e-01 7.566808244674066986e-01 5.685046845418937345e-01 9.318688317742243044e-01 8.945337153049912615e-01 1.395975377741143442e+00 5.791085187833011627e-02 1.006620452568514734e+00
9.648845685831223262e-01 5.404188220020564870e-01 9.804992449094011020e-01 1.157303504313789810e+00 1.406441732599063243e+00 7.603577929973378557e-01 1.097030015094916378e+00 8.462769157210552340e-01 1.379843721866658601e+00 1.297768160235720281e+00 1.023414191902311199e+00
1.005711314278200597e+00 5.135274094798548683e-01 1.003500325025904694e+00 6.248922632393758558e-01 8.765083608341652788e-01 1.390034027796528848e+00 1.063404312899514759e+00 1.043764118580653877e+00 1.137751877553637048e+00 1.017790239522071705e+00 9.802847730580253049e-01
1.068103446796680567e+00 1.308762506601716558e+00 9.624203760451993661e-01 1.202660553513459352e+00 8.166153046763463541e-01 9.437579250064215275e-01 8.875322531768899958e-01 1.181565247470592439e+00 9.422099749761188026e-01 1.323313449180094858e+00 9.998636372018984142e-01
1.078430559939378863e+00 4.536327619543826239e-01 1.017087963051396926e+00 1.471802733640387162e+00 9.092260680424855135e-01 7.732962602570818689e-01 9.697899331352646257e-01 1.003437216780978414e+00 8.961615658381701932e-01 1.281897895253344188e+00 1.023712401374385905e+00
9.980615370794319041e-01 1.192078041931077248e+00 1.062498992853355473e+00 9.230708692197944210e-01 1.227243473570515775e+00 1.493956461937049340e+00 9.196568239439965042e-01 8.138244669715427593e-01 1.013290070542582466e+00 1.247621262314380086e+00 9.778901354438127580e-01
8.870192043412352678e-01 1.168534787056104474e+00 9.550799455246584690e-01 8.258948820418968717e-01 1.238597281777392034e+00 1.051410310561946115e+00 1.021589131413407792e+00 8.548114939861722883e-01 6.992550517478348659e-01 1.013539513119074975e+00 9.779624590368863890e-01
1.041011335370272795e+00 1.503285744092640375e+00 1.039525694955202750e+00 1.209995350196104491e+00 8.844825744145234925e-01 1.119026696220342787e+00 1.077277847762577956e+00 9.497823942875354142e-01 1.033632591898877351e+00 6.129326795964360475e-01 1.019687502550670644e+00
9.748175419039580847e-01 7.272055024194988837e-01 1.053407132940719304e+00 1.023638652875133115e+00 8.412510928134964150e-01 1.304386379588966083e+00 9.967104519811443852e-01 1.111089971619802164e+00 8.954331751708854981e-01 1.600277851330613288e+00 1.003842565181732649e+00
9.855388014540857888e-01 1.183224138691095773e+00 9.712694849045147016e-01 9.815911873435194668e-01 1.348193828204477640e+00 1.192707104749076930e+00 9.233005387422776877e-01 9.228753595659766606e-01 7.086919358564356397e-01 1.067873652012749419e+00 9.866487740603783196e-01
9.785640613845342228e-01 1.398110884687031374e+00 1.068106881021729127e+00 7.958738708711208254e-01 1.100143449785277339e+00 1.477298763382126623e+00 1.069033526588631045e+00 1.090504834866226069e+00 8.594860945685037779e-01 6.594354110634861321e-01 9.972354080169528734e-01
9.882830415734824570e-01 4.074038536481938699e-01 8.913254277690212390e-01 1.296116428226428363e+00 7.945829062672833398e-01 1.424488008656794591e+00 1.012853148643923618e+00 1.128059266277660511e+00 1.290474090656359651e+00 1.564111764483667066e+00 9.858799646349206691e-01
9.913828645279069152e-01 9.751880264869000614e-01 1.008958551211877053e+00 8.478707042269864047e-01 1.046542867275776834e+00 1.237504224673425135e+00 9.335743184288075591e-01 1.120507875915534690e+00 1.005366078971099864e+00 1.176692316791741799e+00 1.021246929145286808e+00
1.047823256528233049e+00 1.258317755814354566e+00 9.664394547652148670e-01 8.926680840352504420e-01 7.672247124627488146e-01 1.010475819034636347e+00 1.009261092494207812e+00 1.009839945814479778e+00 6.730476244298648769e-01 1.230691977162803541e+00 9.954839775855873762e-01
1.031595196621090338e+00 1.212025048225838120e+00 9.301462107214600872e-01 1.031666178446494664e+00 9.817459772273288143e-01 7.423043463814956722e-01 9.900132628804859669e-01 9.767092811782565054e-01 1.184758221241337228e+00 7.377343269509274437e-01 9.857402891848465742e-01
1.041544415471999496e+00 7.964869791102748842e-01 9.595626885767329917e-01 8.705693757675783129e-01 9.285915566035602975e-01 5.440389059047353593e-01 8.517332447242574878e-01 8.735925148910524962e-01 8.230111302353625424e-01 1.105454796059390787e+00 9.926974098266543312e-01
1.087467697942895439e+00 1.482193148685635453e+00 1.002893138214151048e+00 7.506304655652348279e-01 8.890886475475745510e-01 1.131133313361178949e+00 1.004066652495914314e+00 1.196883106098916683e+00 1.201982759904161258e+00 1.526724059866173100e+00 9.805822563058226304e-01
9.598484662073857310e-01 4.997008751281346584e-01 9.390327473348252241e-01 7.434892417445049251e-01 7.361741686766118953e-01 4.652883349911293154e-01 9.720310917091896652e-01 9.396750984188113609e-01 1.149668387675223169e+00 1.502658569316807302e+00 9.993154805196274859e-01
9.585736791395507161e-01 6.504431994966337616e-01 1.023077326419082222e+00 8.343307631287052439e-01 7.120577895247016675e-01 6.420692630990287864e-01 1.023532080394200516e+00 7.262824008069641568e-01 6.936116021343388116e-01 1.480789034289941464e+00 1.001633801232798326e+00
9.460215843237302913e-01 1.314278121160848967e+00 9.913721677724945947e-01 2.697364192310870434e-01 1.145267604855940480e+00 1.037267923245903223e+00 9.828004707795521266e-01 9.461589261650327209e-01 1.118279783588705056e+00 1.139854464197471939e+00 9.797248862765272071e-01
9.324502149291603592e-01 9.892857149371925285e-01 8.704128896192452336e-01 1.144938712956641957e+00 3.515495321283806929e-01 1.445095567570882311e+00 1.066687312788520359e+00 8.599010067929785395e-01 8.634138335826966326e-01 1.093008904273105042e+00 9.969460742322729940e-01
1.005174097684312207e+00 1.081782234455441749e+00 9.706557405428297702e-01 1.490364940380922487e+00 1.181673083957668124e+00 1.224827917945426670e+00 1.055547114885649451e+00 9.822976401564761373e-01 1.236664215520495214e+00 5.835708450683418924e-01 1.017915233063224845e+00
9.505854344322040017e-01 8.277932213365670755e-01 1.064347427511135535e+00 1.167583624059806535e+00 9.972038024621719954e-01 8.332196714845813146e-01 9.294307443820338799e-01 1.088177918536993083e+00 1.353994898284388793e+00 9.791976918711886579e-01 1.032175989222613000e+00
9.811337702233517977e-01 1.037358937076022558e+00 1.032678463453011064e+00 9.447290984211644815e-01 8.000571603793189546e-01 7.204020204087955292e-01 9.887057923211496346e-01 1.034115978574657646e+00 1.101207166956350569e+00 1.319780538370822764e+00 1.005069040718532980e+00
1.050235433092389536e+00 1.059782766729462811e+00 1.005390627757035693e+00 1.199894815428674821e+00 1.004304952215183233e+00 5.072430568457340083e-01 1.043976399178177417e+00 9.941124732463640923e-01 9.962154849842529414e-01 9.382094443331461253e-01 1.013083326076086088e+00
1.019997371227356231e+00 8.712265806572825344e-01 1.025803434522267299e+00 1.024666713720357780e+00 1.031191061983611990e+00 9.607059492040511683e-01 9.647004232278619806e-01 9.318345444726442439e-01 1.086337389158888111e+00 1.189420342704981870e+00 1.004713024511663999e+00
9.837051387378081824e-01 1.118637925525025834e+00 1.087605540270812243e+00 1.232952847234187077e+00 6.115940440809755074e-01 6.108144264251516020e-01 9.031764045540862096e-01 9.354478348647966568e-01 1.145796244925861185e+00 1.153517262885814798e+00 1.029981311136081157e+00
1.024999979782558857e+00 1.100950342237272395e+00 9.419958846196883062e-01 6.628668387266341000e-01 9.317957190188801420e-01 1.072705258522702820e+00 1.059097594135734344e+00 9.967551298005083993e-01 1.095834176447368913e+00 1.132563173158698921e+00 9.507527151770011065e-01
9.906454307686508587e-01 9.541113233088351908e-01 9.963038229797540613e-01 1.147754867101246967e+00 1.083612949787798208e+00 9.028154912320580650e-01 1.098953204290592289e+00 8.792287564834621039e-01 1.170131136412236206e+00 8.843603918989788593e-01 1.043687449384359311e+00
9.197337399712921524e-01 1.632213468727038652e+00 1.010699324774474661e+00 1.331901616245594333e+00 7.029800069130671680e-01 1.582444926109338512e+00 1.018007145603971653e+00 9.887915368663988680e-01 7.186618497025694108e-01 9.630760238773423687e-01 1.013597768547440658e+00
9.935341191484866608e-01 1.150256221981514893e+00 1.036523915962504150e+00 4.256680785693944813e-01 9.442029680186925233e-01 9.271184280833042468e-01 9.284798237420162081e-01 9.988012178390535123e-01 1.113748620155512903e+00 9.848385240623585002e-01 1.025243120069918579e+00
1.057301608719896313e+00 8.489273704520464703e-01 1.009703596202617959e+00 1.044125162668787521e+00 7.523679836827283918e-01 1.254888477794175339e+00 7.887922019781249405e-01 1.117859761306290167e+00 9.742938872844668641e-01 6.887736411519016499e-01 9.986280290772041601e-01
9.503117801182094926e-01 1.039076760754304107e+00 1.034958157919202870e+00 1.348602487301610253e+00 1.137615388955772744e+00 7.985735343072023484e-01 1.037878655547813667e+00 7.987099896460814197e-01 1.252614961246116820e+00 1.234528058144970242e+00 9.731803950543482795e-01
1.012243485458793613e+00 1.870872443318195799e+00 1.020668145851743036e+00 1.259114188033006343e+00 8.453323851225191810e-01 7.895264547258538101e-01 1.018707003822887591e+00 1.134876418555323729e+00 1.158130398458776078e+00 1.084673609198852251e+00 9.961421950383124724e-01
1.038959285440709479e+00 1.051060662072834884e+00 1.131854167726061178e+00 9.129267295192580178e-01 9.721397127178894593e-01 5.239147288861634166e-01 9.613856434851967281e-01 1.081157567464374969e+00 1.219658635647349554e+00 7.398323557138968276e-01 1.001998626074914300e+00
