1.005372741302994921e+00 1.039544456930665772e+00 1.044266652093649217e+00 2.003787532518382930e-01 9.526758103356616214e-01 1.182659876960440837e+00 9.671392041653339433e-01 9.877692543626294119e-01 9.125213183245978188e-01 9.539996448072741719e-01 9.725676149138144932e-01
1.011153467510544468e+00 8.886346644019992302e-01 9.089980392339979121e-01 4.853284369075846483e-01 7.743895270473460934e-01 9.522972926788895176e-01 8.729457261518897004e-01 9.613798623136461385e-01 7.529094223047311241e-01 1.266296983756840078e+00 1.006379944936399484e+00
9.928391400355485175e-01 6.554511690823725534e-01 1.032626011492394857e+00 1.088408555128045574e+00 7.202209074300955916e-01 9.783019055035894196e-01 1.105153032575289185e+00 9.555127725198959698e-01 9.653294867520484379e-01 1.010659755565894713e+00 1.013811920549276824e+00
9.811489197236860083e-01 9.846597441785467364e-01 1.096310267268804983e+00 6.997025571988932935e-01 7.580883907058716398e-01 1.195222844217357583e+00 9.451043415518388668e-01 9.627473374021462416e-01 8.866245857231294103e-01 7.336557475965996833e-01 9.781132707452458996e-01
1.009593240873627895e+00 7.747112221980779756e-01 1.063321225235281942e+00 8.729183592994657070e-01 1.023871945798797034e+00 9.199172142705026589e-01 1.031371458945376629e+00 8.681162198560343768e-01 1.259196242233499463e+00 9.420277508606998973e-01 9.918148745173315239e-01
9.948635598946917735e-01 1.105193574278529267e+00 8.869347799619374806e-01 8.599740650423514099e-01 1.291976468552420432e+00 9.677318124584274317e-01 1.008088101476258158e+00 9.767027227640924236e-01 1.330465973423136106e+00 9.896075598369833415e-01 9.686537158180570373e-01
9.963397292792640636e-01 8.456921241995936089e-01 1.046003597573762711e+00 1.706065173377302013e+00 9.202542026855707880e-01 9.349098680803967776e-01 9.884027445369866216e-01 9.183633142482239275e-01 1.521787854249264438e+00 8.520497976155336772e-01 1.005882181849270030e+00
9.976842754333250518e-01 8.136472683290346675e-01 1.003957503916578897e+00 8.406999160086079392e-01 9.592371156628892725e-01 9.899908519571914978e-01 9.659498263292116693e-01 1.051831514155378455e+00 9.184943711296039703e-01 1.262868847661559935e+00 9.995162091155168627e-01
9.987525994943170504e-01 1.197399018287771622e+00 1.066697289904798396e+00 1.308864576102040100e+00 1.215677825616295671e+00 1.189088318360021379e+00 1.032126100923602907e+00 1.089968554398212941e+00 1.188600475563428072e+00 8.849225995871179418e-01 1.004666730727613366e+00
1.005706344920336504e+00 1.183114131005475134e+00 1.023343721369121440e+00 8.689817984373384707e-01 1.002069675097871482e+00 1.075557774305786252e+00 8.959281123599464047e-01 9.913997135479688527e-01 8.155195444397336235e-01 1.026883095677637137e+00 9.938840268048593218e-01
1.002384207544182670e+00 1.052534232147874338e+00 9.415172011355593673e-01 8.370434385073456385e-01 1.017194650905814957e+00 9.748661069727142525e-01 1.088849212662533983e+00 8.559310884992906709e-01 1.120931633178611442e+00 1.139366545599202363e+00 1.008981639941624264e+00
1.007872923916477426e+00 1.470696552752793762e+00 1.038296174263146021e+00 1.158032851805335106e+00 9.138153036061570367e-01 9.932692947451748910e-01 9.279037471571417450e-01 8.874632491962562986e-01 1.079512983651767621e+00 9.618386946029447993e-01 1.000153934344495399e+00
9.960723334895296155e-01 1.337514407061937804e+00 1.018793298912232803e+00 9.170726167919373006e-01 1.081327568957801910e+00 9.321083829067732252e-01 1.207945893950220340e+00 1.068095454299786473e+00 1.201709887754661921e+00 1.032542807336392698e+00 1.009800848307077503e+00
1.011824625760403551e+00 1.352369693176797227e+00 1.027922919953289105e+00 7.492966279992989698e-01 9.442614373723421384e-01 1.164171743135535619e+00 9.166681160974088360e-01 1.059370638028053868e+00 9.382907538188463015e-01 1.180224501259233838e+00 1.015610564601980181e+00
1.010147809521655393e+00 5.008516347950479064e-01 1.002138772653781595e+00 6.620554587661332535e-01 8.321965256756677087e-01 8.164867287936325990e-01 1.109705950932406981e+00 8.632568468955541530e-01 8.505903745582490405e-01 8.690705295756957494e-01 1.026084137398314944e+00
1.013714700296345583e+00 8.085205526611349836e-01 1.050084147207872576e+00 1.151898395598537128e+00 9.892248173705022740e-01 1.070492331853760470e+00 8.827369274295627788e-01 8.757922791349145308e-01 8.382767196931359965e-01 8.458408722008057268e-01 1.000367037237011258e+00
1.007560685717999949e+00 1.116345444881043480e+00 9.999465779428902135e-01 5.789449266606964128e-01 9.503780546688720410e-01 1.008615609442660599e+00 9.535350075536014325e-01 1.073013160524611820e+00 8.993081026637396169e-01 5.933362343875501210e-01 1.002775439884859399e+00
1.006188568462366151e+00 9.504117920783230478e-01 9.596794841420730471e-01 1.646221100791593672e+00 6.126045612196033829e-01 1.031946411974769218e+00 8.525780739942780961e-01 1.135317454789692482e+00 1.173429768828935460e+00 9.691305634004770964e-01 9.889168291280463485e-01
1.000294499531830583e+00 6.297156313440539499e-01 1.041615162603450440e+00 5.307620132107634392e-01 1.003788365450208220e+00 9.270878708235397170e-01 1.069759601288328144e+00 1.000617616903498597e+00 9.719848422575355640e-01 8.552504166730102719e-01 1.023046937523936828e+00
9.798303570055976186e-01 9.986278918564456264e-01 1.007535443096885697e+00 6.116157312333647678e-01 8.627671117023929526e-01 8.995215429260319251e-01 1.126673431817355908e+00 9.472610136807322334e-01 9.557700817340187838e-01 8.729609078655033993e-01 1.013187650119140804e+00
9.974120624310331973e-01 6.493326521169731080e-01 1.052073566930268544e+00 1.038409599209145551e+00 9.664695764804417388e-01 8.800351824079396534e-01 1.146685080491685271e+00 8.914132249323301060e-01 1.229200241573309871e+00 9.989127110222955075e-01 9.777469303953680857e-01
1.005461875756348711e+00 8.497716569652201679e-01 1.009483528308432687e+00 1.227551549142671394e+00 9.001913157060863480e-01 9.972463826948596566e-01 9.994157347633804145e-01 1.039064515204599637e+00 1.212343502824862806e+00 1.070548073450918292e+00 9.913047472970154539e-01
1.006862268592889187e+00 3.007719584721276762e-01 9.163221387800583040e-01 8.245151076829559944e-01 1.097253024475781658e+00 1.100499482780960658e+00 1.036250143956600311e+00 1.149733808657966483e+00 1.225565386933364032e+00 1.135817900970571559e+00 9.897398831681029074e-01
1.020293430417531955e+00 1.389218917693464173e+00 9.385139463066572985e-01 5.463877693434746607e-01 8.806012733165822226e-01 9.759046678569489597e-01 1.044881096866664860e+00 8.717574458847654473e-01 1.465973602637618889e+00 9.844240571154984076e-01 1.015135878943359549e+00
9.911510994432998212e-01 1.086340312191905966e+00 9.672960332000307693e-01 9.573410149774372879e-01 9.761871304943181560e-01 1.236616454237567053e+00 9.797498612797339579e-01 9.824767551806627974e-01 7.110668026163864397e-01 1.035966276456849133e+00 9.861450186171394350e-01
1.017311488453382706e+00 6.106101164968983364e-01 9.308095983937897389e-01 1.134905167574243423e+00 9.550432712872164442e-01 1.009992599698698701e+00 1.025083317912163450e+00 9.751032501041806411e-01 8.799342428856966603e-01 1.295962139869804020e+00 1.020674378198619614e+00
9.982750414952544782e-01 7.320508162184578005e-01 9.576337748818936069e-01 1.067548291658897641e+00 8.766187010700513538e-01 1.110260541249659116e+00 9.649320802037132383e-01 1.025002790019061027e+00 8.080062031862393912e-01 8.164120136047818832e-01 9.921151947285922201e-01
1.019065093300316027e+00 8.561784082014628483e-01 9.615942095039246018e-01 1.352357799070581290e+00 1.076249348066258715e+00 1.105409651529285275e+00 1.172493062755726179e+00 9.650021609163448311e-01 1.054123985310813083e+00 8.644298123694751368e-01 9.885927915168138957e-01
1.006499919712183555e+00 1.218966390268822808e+00 1.070260332811846071e+00 7.556925453099208045e-01 1.248693843078837018e+00 9.800757424918481453e-01 1.043478664133660860e+00 8.155002554180434959e-01 1.161968041874729574e+00 1.114459497321605763e+00 1.008579661205426525e+00
9.978309638462528053e-01 1.015823206008737545e+00 9.875823760842673549e-01 8.959197731624378713e-01 8.199652201369548310e-01 1.054859983084635244e+00 9.575350193499899687e-01 9.989365121683457804e-01 1.073344346972653574e+00 1.100359476380185608e+00 9.970627752663990817e-01
1.023787905419260902e+00 1.175733738223894376e+00 8.687915007297928316e-01 9.438556138089863046e-01 1.457704459871441482e+00 8.940167635298226223e-01 1.041348708897322561e+00 8.925779810522124214e-01 7.616253917420889863e-01 1.057935050178539171e+00 1.017291341575718544e+00
9.896881012035277925e-01 1.523505914510222103e+00 1.039087356401905193e+00 1.117278453068379251e+00 8.029778144175188093e-01 1.135038464495901733e+00 9.981845220756736525e-01 1.049329889824600848e+00 1.108369409561603902e+00 7.464574152119327621e-01 9.964838034464232885e-01
1.004510795046438032e+00 7.597259202058499472e-01 1.011225768201609920e+00 1.416402189558980673e+00 8.887532079217232983e-01 1.005925270052201670e+00 1.002619783924629138e+00 9.091713764266726727e-01 9.600286825618563613e-01 1.075161047902860378e+00 1.012526286405263765e+00
1.003330790162332509e+00 5.640700018945421501e-01 1.085800338078703131e+00 1.006698891142951080e+00 9.788224557828772987e-01 1.122449883374352586e+00 1.017392533669886134e+00 9.485798057248808757e-01 9.148775517646515754e-01 7.569199406340139102e-01 1.010748291678596145e+00
1.007765266818806849e+00 8.336185863669973717e-01 9.831106043556148144e-01 1.288989238894646672e+00 1.324123491085614557e+00 9.936407984182297204e-01 9.202114920641903950e-01 1.087525324545294270e+00 1.393170417895064572e+00 1.155870524346299222e+00 9.853549086353020625e-01
9.821740475443707652e-01 9.178021896989936312e-01 1.045683273776422340e+00 9.745269074705906753e-01 9.364723998996440368e-01 9.191395452495050300e-01 1.009921347753345300e+00 1.043382738598222170e+00 1.006891448740699913e+00 1.009594922351671364e+00 1.009990019872867517e+00
9.869252735516022002e-01 8.945701726147062827e-01 9.193866306815386968e-01 9.406377572964472744e-01 6.954055742964084796e-01 9.615904911508637021e-01 9.485499908378954848e-01 1.012654111736029705e+00 9.367499166594722704e-01 9.064549595374009616e-01 1.022642693268686953e+00
1.004680532426227790e+00 2.433697461164513465e-01 9.446907629493215275e-01 1.129318970099997266e+00 1.031128510475517235e+00 1.094668970966734989e+00 9.636071138204420627e-01 1.031492355394110660e+00 1.104932439504968444e+00 9.308143783833493501e-01 9.941153496825452240e-01
9.921099417579352098e-01 8.687361749290422042e-01 1.022559639993969816e+00 1.015421684950134296e+00 9.478096592614104754e-01 1.015911107563387317e+00 1.112772248983503243e+00 1.016393197504575907e+00 1.034988248555548607e+00 9.726719087916220197e-01 1.004282038090940965e+00
9.915436080956623321e-01 1.785092495252384337e+00 1.011466883038337317e+00 1.457473991930701596e+00 1.423675275218755809e+00 1.080202923384187663e+00 8.624935013333174805e-01 9.283166695169117189e-01 8.813490224226306902e-01 9.776420249197880219e-01 1.021670075525307864e+00
1.011451843076099033e+00 1.101384274959605447e+00 1.080355377414406570e+00 1.205723085221065860e+00 1.058270104147221558e+00 9.289356491549671802e-01 9.827959860442405660e-01 8.398689241839608632e-01 8.737511513377118622e-01 1.041716297813247039e+00 1.007475406778942872e+00
1.003669201359752794e+00 9.580698879253438660e-01 1.008391070841551551e+00 6.771601780996070463e-01 9.966735888960502887e-01 1.090586589280924779e+00 8.917650814919172442e-01 1.067102798182782752e+00 1.005898367466216969e+00 6.579713137710743176e-01 1.013564678704608424e+00
1.001351023065731871e+00 1.157484285288903347e+00 9.862757215444489800e-01 1.124808762345109958e+00 8.717129597161814569e-01 9.876464567453255849e-01 1.090803651537317620e+00 9.442241557292399001e-01 1.135273561357403427e+00 1.209984177757905677e+00 9.893304758957053302e-01
1.012929988614959642e+00 1.005626946157094581e+00 9.746591604121430663e-01 9.310708311500430767e-01 1.299693736896019747e+00 1.003073929330861480e+00 1.104129996257661173e+00 9.201995195333207977e-01 9.419890197159379586e-01 1.067357185307836076e+00 1.047929442652191456e+00
1.008190223014674869e+00 1.058201808467586824e+00 1.006048823808354475e+00 1.388033841839590332e+00 8.414297413479916443e-01 1.062066665346506289e+00 1.073028454044717028e+00 1.127566388298075761e+00 1.067676997844400733e+00 9.599521685218130873e-01 1.000772312522703711e+00
9.981053774199333262e-01 1.125493405010999037e+00 1.064621977438176659e+00 8.134388228669000576e-01 8.243637223272818337e-01 1.087431848920469513e+00 1.050532816472270703e+00 1.045025849812852847e+00 1.317504532255648453e+00 1.191573195739107804e+00 9.955516421722725440e-01
9.971608661539095309e-01 1.704402422354806212e+00 1.027138129272181288e+00 1.171862782977182826e+00 1.093741680686495021e+00 1.149610032152911021e+00 1.001136105577036028e+00 9.342300471912691195e-01 1.288024764094652275e+00 1.105367325926289501e+00 1.019963877962314802e+00
9.997241797668261487e-01 1.068452458281310635e+00 1.028988105645492590e+00 8.066087757220818943e-01 6.967053866814361118e-01 9.633913030059778615e-01 1.064536482584654831e+00 1.062331640722359971e+00 1.146559861339055963e+00 1.016499690780898746e+00 1.002523604988873274e+00
1.000616602314425396e+00 9.409001064884024990e-01 1.042788798000547690e+00 1.039218096916379785e+00 5.755111284086312784e-01 1.118437731258692169e+00 1.063117609179711875e+00 1.096002787629492659e+00 1.018472007190384776e+00 7.652249551363891067e-01 1.003126163542491511e+00
1.001028382879698198e+00 1.428940674173239112e+00 1.071603034436348967e+00 7.919542671971675496e-01 1.115915117266183865e+00 1.016489551317172557e+00 1.016827277524316120e+00 1.026984142501401021e+00 1.045625065834003831e+00 9.920481568539044614e-01 1.006549688346589644e+00
1.002562716292307865e+00 1.283931866379592002e+00 1.116698648558130058e+00 9.664247161580504786e-01 1.223297036549807260e+00 7.770311504000715352e-01 8.284201502747535750e-01 1.008113889461303536e+00 1.123211189210417960e+00 9.521390203949675612e-01 1.001132999007775748e+00
1.001890696876036824e+00 1.407205347253935646e+00 1.020371365865086144e+00 5.233025665617146993e-01 1.269174226982279663e+00 1.043228542223650912e+00 1.085969106561815112e+00 1.002974625928109820e+00 1.140448805988054648e+00 8.077129416619152069e-01 9.934883260372393554e-01
1.013080156787392161e+00 1.311460674836991025e+00 9.683960253787152750e-01 8.173295980220458556e-01 1.194625267793623102e+00 9.580183887007051036e-01 1.010447232765180559e+00 7.975824837226457298e-01 1.002530130309835732e+00 1.018905179435114716e+00 9.872570771893081076e-01
9.994083899705512586e-01 1.142960156189814835e+00 1.076633153392357434e+00 9.984927702916879255e-01 8.815006203689623732e-01 1.216586183632258455e+00 1.039929579568723561e+00 1.013737146089732866e+00 7.553211025793432620e-01 9.114672424352173730e-01 9.968283975396556862e-01
9.984843896685079434e-01 1.232162430258067598e+00 1.067190680065767339e+00 1.033594172015528390e+00 1.376026740672380289e+00 1.172716367948026583e+00 9.052218941580523204e-01 9.050763722973733660e-01 1.099872486703145524e+00 9.736966342208573932e-01 1.019072111139194048e+00
1.001545716438096090e+00 1.123490549078661749e+00 1.033787562137982396e+00 1.297023686981542578e+00 6.419376805680512277e-01 1.034745737535371912e+00 9.764682664602335471e-01 1.224355173332050351e+00 9.219693938971090796e-01 8.028882399696957162e-01 9.882494769074102736e-01
1.009850370698713418e+00 1.024751564224836375e+00 9.652806806142685270e-01 7.126457970618164106e-01 1.152937127135928774e+00 8.265545578476605204e-01 9.944816374205908138e-01 1.033366214377918979e+00 7.177201999300020230e-01 1.166538324428298301e+00 1.014600180545589314e+00
1.000039192201739979e+00 1.489872363730211147e+00 1.021926989134704034e+00 1.441990299981858126e+00 8.992259507189174217e-01 9.534753648965574868e-01 1.081104420744587236e+00 1.019103932326404616e+00 1.185548625353784136e+00 1.012075940939664020e+00 1.018881352707307952e+00
9.955259076956517461e-01 3.918685502954977196e-01 9.507915200257676114e-01 1.012945154181629226e+00 6.809950992325933816e-01 1.050342968075849592e+00 9.914096669128705797e-01 9.897538603021307502e-01 9.906586935393288940e-01 8.469987560049851982e-01 9.616153304545338454e-01
9.999468985759161210e-01 1.185969535684376686e+00 1.059979645734302256e+00 1.396201450152548151e+00 1.007140176342550264e+00 9.226898173898038236e-01 1.079337547399136898e+00 9.936489417561489290e-01 8.616347500787837621e-01 8.788628264773615806e-01 1.018279168326059914e+00
9.933443395593517522e-01 5.924848304574733548e-01 8.921890200196228582e-01 9.263271599445764837e-01 1.164459780161397395e+00 9.163841528384828461e-01 9.713364194900730997e-01 9.920618573946604624e-01 9.986955113974403941e-01 8.961324417343488058e-01 9.977407064963591532e-01
9.992886403533309814e-01 5.795799839160131750e-01 9.755896205317151626e-01 7.768179883933676866e-01 1.535176043844402205e+00 7.962198761842835815e-01 1.074729196262355968e+00 1.158103118396200282e+00 9.779996529736750821e-01 8.396089489467731815e-01 9.752140516476165422e-01
1.027156693123522979e+00 9.059948705260809643e-01 9.666775377212416531e-01 1.364902800413149375e+00 8.542390908967227858e-01 9.706280463271691472e-01 9.348553215027828323e-01 1.021268466748746162e+00 9.544952981248879809e-01 1.163015881892637715e+00 9.907574600723938474e-01
9.958719920269113457e-01 7.990768790823354895e-01 9.232824443040658080e-01 1.191834922298228516e+00 8.672062535972542285e-01 8.978073192070428199e-01 1.018707614469674505e+00 9.967859216867807071e-01 1.310901503624757547e+00 9.943026254431674982e-01 9.991670260713593210e-01
1.010754012931938783e+00 8.250550681901540617e-01 1.002551546531694759e+00 1.379761480479777092e+00 1.042030224288320817e+00 1.084526711887103145e+00 9.465089957125075726e-01 1.164773772699281285e+00 5.109484404895917597e-01 8.907993972844542307e-01 1.001556883765451600e+00
1.014536590532192806e+00 1.163278861072131409e+00 1.033722132035295838e+00 8.996476182590489312e-01 5.516790714479693492e-01 9.073753935507704593e-01 9.360585922903225109e-01 8.992849140814400677e-01 9.942874081846584389e-01 1.063365013799508096e+00 9.788397947681796163e-01
9.860269885272469059e-01 8.173841194333955062e-01 9.488792032532198384e-01 1.121305833493944526e+00 9.071380180723614961e-01 1.042688248259996842e+00 1.066268695218508533e+00 9.074713871082461525e-01 3.052490225940908131e-01 1.120379380530554414e+00 1.001852142610553997e+00
1.002013163141768359e+00 7.937476136452648046e-01 9.116917874648711173e-01 1.276724193624128922e+00 1.021387397844049527e+00 1.029317009617085610e+00 1.125294365739344382e+00 8.598084281487592406e-01 9.243736196301188812e-01 1.065278385885612078e+00 9.712214228672005900e-01
9.973101512841275884e-01 9.780501871159187344e-01 9.358500025027658431e-01 1.145472183585673598e+00 9.863159566594603689e-01 1.076562738806337682e+00 9.380388340678662562e-01 1.152645736693422185e+00 9.808885743367664611e-01 7.084452603445359209e-01 1.016667634502652406e+00
9.941773328447106595e-01 9.254557507027519891e-01 9.340350925501541557e-01 8.843654294674481164e-01 1.266659327638514743e+00 1.141570768959227822e+00 1.013795842015987825e+00 9.602553736629265702e-01 1.011083959823594780e+00 1.200609110394960544e+00 1.028429345726140864e+00
9.929191249498227068e-01 9.350685828967471025e-01 9.739624139018236981e-01 3.838687337249016007e-01 1.083906144459722443e+00 8.819900151249329134e-01 1.015352934093217474e+00 9.780571031516116509e-01 8.676503514165542219e-01 1.006644693787700273e+00 1.001324759273390042e+00
1.003153419990284290e+00 7.048000239951377477e-01 9.766879218373958338e-01 7.251731301032138255e-01 1.062825322579811216e+00 9.514745013987122579e-01 9.509760440078538490e-01 1.254403794277608730e+00 9.644107518727422779e-01 1.235299738388560886e+00 1.005307900472142357e+00
1.015948128255522498e+00 1.237274612242001304e+00 9.694743364493355609e-01 4.938940121059917088e-01 1.391908447329339271e+00 9.727537013810244604e-01 9.701720193118843483e-01 1.113302606445456533e+00 1.103621660806248128e+00 9.093939234633151569e-01 9.948006640028375092e-01
9.969647304815932864e-01 7.390006464003249231e-01 1.012277506603936006e+00 1.144433967312234568e+00 1.026843101519240964e+00 1.000522711056807346e+00 9.243731697259995883e-01 1.020916673897076521e+00 1.250527634163363988e+00 7.913142709751558312e-01 9.950438607711513672e-01
9.884399927362902405e-01 6.373989538830554524e-01 1.059544801913031575e+00 8.636427271127616878e-01 1.135675539427369429e+00 8.851692325129507655e-01 9.503553094271528501e-01 1.055865097133864339e+00 1.302880067808054543e+00 1.288682496771972330e+00 9.987195272054768536e-01
1.012347363236721698e+00 1.301110828684612031e+00 9.421470355125567409e-01 6.286051873541276258e-01 8.517444561417123472e-01 9.042761497883763377e-01 1.011694210349149303e+00 8.828446832341796391e-01 1.044848942616039000e+00 8.210084429069741674e-01 1.029756575809777530e+00
9.898961977810559754e-01 9.900520877225315042e-01 1.001003250302589853e+00 6.376236766109655285e-01 1.165188485789150352e+00 9.326072153186533154e-01 1.019585394970807801e+00 9.390061817469739225e-01 1.179340075285579603e+00 9.038656335987519386e-01 9.975561828766670303e-01
1.010976787267050758e+00 9.564144977700096417e-01 9.449629463079231018e-01 1.069496639906114988e+00 8.854506542781703793e-01 9.027023682789969694e-01 1.100397881262509037e+00 1.173103067643822550e+00 9.031802335520450198e-01 9.214528231489952370e-01 9.903508064143173861e-01
9.886874852595766150e-01 1.004238582940112812e+00 1.049229339565033614e+00 1.242894155601716122e+00 9.285810755495874647e-01 1.037966910135154297e+00 1.058214258084737347e+00 1.063593062687062218e+00 8.339771746204152070e-01 1.128571337795134522e+00 1.003308317814757711e+00
1.005943404096351745e+00 1.226152921507656313e+00 9.932917323551943012e-01 1.490419341252118723e+00 9.734024433980869029e-01 9.395703669190712537e-01 1.194954201113124226e+00 8.478656057326711126e-01 1.092147697602017242e+00 1.037926562962178334e+00 9.820910266883692286e-01
1.010300601859053238e+00 1.393948146425642687e+00 9.501297487794324592e-01 7.077609098404306076e-01 8.928581489408955463e-01 1.027020730762582490e+00 9.299693599775425978e-01 9.149993615578680961e-01 9.016638492256205950e-01 1.030316478348772602e+00 9.827376978669760677e-01
9.986739508471543791e-01 9.678011401880802778e-01 9.786046483420116626e-01 9.874019101031056289e-01 1.211928245003096150e+00 1.003943698020773878e+00 9.071563047409516578e-01 9.666547507651294113e-01 1.060535958965975745e+00 1.142657246335950116e+00 1.015748488405683991e+00
9.937261618256408857e-01 1.348162999156625075e+00 1.099362572180321074e+00 1.210099045856394495e+00 9.218228200545244277e-01 1.092686640733347980e+00 8.819185169463155116e-01 1.203519705914104732e+00 6.762664513825149548e-01 1.104089157110307085e+00 1.017704497588838075e+00
9.954127039146415390e-01 7.675894819351644083e-01 1.047483296736708702e+00 1.345400644075349650e+00 1.228901930319885594e+00 9.850224435840658765e-01 1.060415854262690916e+00 7.863401212890912539e-01 8.463613177684530253e-01 9.640898661798745772e-01 9.865510257158210949e-01
9.947601181590601804e-01 5.499741437308889314e-01 1.000075249829321722e+00 1.439709924679668740e+00 1.170441363610728480e+00 8.334174092385606691e-01 1.034427025842407311e+00 1.069938992432224012e+00 1.084697874433276921e+00 1.048480679359545809e+00 9.937962318894107971e-01
9.837803433990989221e-01 1.206356899810967498e+00 9.793939759895855524e-01 1.185348565862751391e+00 1.126592658970905658e+00 1.046110877577406617e+00 9.776918737232652701e-01 9.325433901074138276e-01 1.063297245697321980e+00 8.871736368031750697e-01 1.021348032970406772e+00
9.935242426823622797e-01 1.009833481214227557e+00 1.082811500795470616e+00 1.001865806071639886e+00 1.259141959379283193e+00 9.567623204389719138e-01 1.136011823288470390e+00 1.046753097264086385e+00 1.093318810896890758e+00 9.875813454677619951e-01 9.959328490776754306e-01
1.013920621422205182e+00 1.096819684682766471e+00 1.041125287497631335e+00 1.103344522955238327e+00 5.958028020742806019e-01 1.023588310949733904e+00 8.953027040994133712e-01 1.114771821960830245e+00 7.289301347469970827e-01 9.142556228864073820e-01 1.003928764244538474e+00
9.980517342850990792e-01 5.381048664635452727e-01 9.957269902898294722e-01 1.237130211171189709e+00 1.198899336428119078e+00 1.068823404885823170e+00 1.048537606343053152e+00 1.003293200217540315e+00 9.503248043578996773e-01 9.812889330190127657e-01 1.007096075549184011e+00
9.908940858483343828e-01 6.837426511380534366e-01 1.004740750562639784e+00 1.825682990274005491e+00 1.100834571015845142e+00 1.018952828459803950e+00 1.098490265179478120e+00 1.054456208015417396e+00 1.150032883202423584e+00 1.111810659881344643e+00 1.002229013613658237e+00
1.005103595893020341e+00 1.065135154553354946e+00 9.560012342347827818e-01 1.109774599120658012e+00 9.644182506462384286e-01 1.103903236620253026e+00 1.037605669345319503e+00 1.030959375383867505e+00 8.902672736359398264e-01 8.939109223615979705e-01 1.008789243827489468e+00
1.015608711023091804e+00 1.263159737756779366e+00 1.054930553225088774e+00 8.498358381706705433e-01 1.108400807813649580e+00 1.111624207576161316e+00 1.068933073921825461e+00 1.107670564950977932e+00 7.419918014277269158e-01 1.049330405351722950e+00 9.850045596049769037e-01
1.000665086316310237e+00 4.417788975628886838e-01 1.020825217102216076e+00 7.179880660845578966e-01 1.104750711972982913e+00 1.025503580110518120e+00 8.999496108880240541e-01 1.023882828086387198e+00 6.359277312850446506e-01 9.583199177960021187e-01 9.843281567923528597e-01
1.008808904383297733e+00 8.993584615560435980e-01 9.878465094034579730e-01 1.254977366147233209e+00 1.245267336824021687e+00 8.448425519296067776e-01 1.022765274954877679e+00 1.052709998113012579e+00 1.389002333214385487e+00 9.505796168528707346e-01 1.011972795069961517e+00
9.760924147775721371e-01 6.084440915034381447e-01 1.025373119675821787e+00 1.181106416320616193e+00 1.205362283841076687e+00 7.716114418127186791e-01 9.560044598488116607e-01 1.212328752644982410e+00 8.031776043394061038e-01 1.076927449815626048e+00 1.033892589183889932e+00
9.727642960727654886e-01 1.148965063176824675e+00 9.541291902526649604e-01 1.217596234873564276e+00 1.187917430678989028e+00 1.056167540855071474e+00 1.081881054883679250e+00 1.075099201494537970e+00 9.682662570163549365e-01 9.478511066918829941e-01 9.980070820039940171e-01
1.007230468502835263e+00 1.277752642576545306e+00 1.010049225742051027e+00 8.804813350683192708e-01 1.188608278392830897e+00 9.832932027990393120e-01 9.882352508414405934e-01 8.341797710512465214e-01 9.078762099394025453e-01 1.119712319274127399e+00 9.924122171473986898e-01
9.930744881694705262e-01 7.898649516666470527e-01 9.857245363369843139e-01 6.470497242083186329e-01 8.108090442416171495e-01 8.543032937846448682e-01 9.850420155158186031e-01 9.545281946194650313e-01 1.156647749253234547e+00 8.344190923102313695e-01 1.009423245311849238e+00
1.006021820129746169e+00 1.058400009233416927e+00 9.982000534943902270e-01 2.579320391519059896e-01 1.148265871926001047e+00 8.126732125435858212e-01 7.641858353377632973e-01 1.106583846779997993e+00 1.237558987652346509e+00 8.140229488425344551e-01 9.698012818817870473e-01
9.872988180693306193e-01 8.306984756327301378e-01 9.642797235024993530e-01 1.019763353921659066e+00 1.070175488652275853e+00 1.032844566591017532e+00 1.050890684322492996e+00 1.133673545036679053e+00 1.087945488412342065e+00 1.002466927743744796e+00 1.031760966168736360e+00
9.907462893856024966e-01 1.171023326426517297e+00 9.889157295287717142e-01 1.025171102940287460e+00 7.798959752848773075e-01 8.764849456075308742e-01 1.028939783855405521e+00 1.177481868190728198e+00 1.244362152463994065e+00 1.153007692342396862e+00 9.931024678048822052e-01
1.009243574005665334e+00 1.296219396183676764e+00 9.312347135380086849e-01 7.324499839203253426e-01 9.245316212899615804e-01 9.250353312079644397e-01 8.775585190119504775e-01 9.818742303717445941e-01 9.461843502412625728e-01 1.094444026266045089e+00 1.000515921248292583e+00
9.853762795460525581e-01 8.421167123370091323e-01 1.030238168634306284e+00 8.448384717591287396e-01 7.475174396030284107e-01 1.053665828891278800e+00 1.114353774045783840e+00 1.081236509200430129e+00 6.977473632284312277e-01 1.056237387338302192e+00 9.972920255410321344e-01
9.950986401884770460e-01 1.194735486602061636e+00 9.914506189099313582e-01 7.657180993119079293e-01 1.052381104634748210e+00 9.589416206889453953e-01 9.330783259599138013e-01 9.499112106286347057e-01 8.930100009943371386e-01 8.335983619209823559e-01 1.003404329391405891e+00
9.893247395729084515e-01 1.253102802407642269e+00 1.017338308086240373e+00 9.052936119965740991e-01 1.115169038816665736e+00 1.011368145166027910e+00 9.957522529796106747e-01 9.285656285686618716e-01 7.345337585713098694e-01 9.677434604674048924e-01 9.914256122804110394e-01
1.014725612412459510e+00 9.919052584497062286e-01 9.975325358983384572e-01 1.483042441113435306e+00 9.340267416894280084e-01 9.101157553760151897e-01 1.047650581352319143e+00 8.978109619410481468e-01 1.354809363420237611e+00 7.933323408903789620e-01 9.818411170050840298e-01
1.000450601313298327e+00 1.136637355357521084e+00 1.025083364656675267e+00 1.198904380674233217e+00 1.042419096102726650e+00 1.007402541382375949e+00 9.249616764241248568e-01 8.479989682761308600e-01 1.263347073276523735e+00 9.286706666607402738e-01 9.796024412746419108e-01
1.002877395828887686e+00 7.822096083612123385e-01 9.724808749329059143e-01 7.995052259478256929e-01 3.753525691939127995e-01 9.381547426323018080e-01 1.028286546070682705e+00 1.007245725602438968e+00 1.134030241923892124e+00 1.096042113989182720e+00 1.011065047198373090e+00
9.965807400854533871e-01 1.153459939115476729e+00 9.781965464877618865e-01 1.086399624208889803e+00 7.347123090726199734e-01 8.594419710934672052e-01 9.036497289832857716e-01 9.429878113361638281e-01 7.899393824952414267e-01 7.840379087360858090e-01 1.024704669386442557e+00
1.007036310811370905e+00 8.853425257146070315e-01 9.711399002166328787e-01 1.226515415374169526e+00 7.956735215866603816e-01 1.021172084488644938e+00 1.021814423097509472e+00 9.010354022031220600e-01 7.958887737944462248e-01 1.024488553038607197e+00 9.800296492828443062e-01
9.918423038397012892e-01 6.693140710017289052e-01 9.847226893985705498e-01 1.101421296316100529e+00 8.294745097968474479e-01 9.475350173251179120e-01 1.052769943185945412e+00 8.789233474604269958e-01 1.032041156911900348e+00 1.216013455459927117e+00 9.805602884201456426e-01
9.831082166929414612e-01 6.955228650701713589e-01 1.034986056936869625e+00 6.853602430614886831e-01 9.040906131703606574e-01 1.160034904454248172e+00 1.005885590620264614e+00 8.255637825179188427e-01 9.749646773530605826e-01 9.374034667694535194e-01 9.944362869450978915e-01
9.943349518228677963e-01 9.465255243556618403e-01 9.941383241856680542e-01 6.578760167580315343e-01 1.089071256354431583e+00 8.913591750770090139e-01 9.420002525460743348e-01 1.010012567361045832e+00 1.078435948009923262e+00 9.168651256798159288e-01 9.928357135059061589e-01
1.003826895624188476e+00 1.038365312580808109e+00 9.947649264206371855e-01 1.161937556835016094e+00 1.128014159968183217e+00 1.064822316649937983e+00 9.399736099852131765e-01 9.259715004884311318e-01 1.421100527663746282e+00 7.392736054160160553e-01 9.628062490751903013e-01
9.880127364579094351e-01 7.573108070464128483e-01 1.075981480475423524e+00 1.268470162298928283e+00 1.279704869495325470e+00 9.426884478365388231e-01 9.689959195445562168e-01 7.321324268418241132e-01 8.560009117703790693e-01 1.131811861565910071e+00 9.866094120869622897e-01
9.956996135335167697e-01 1.369696300297993607e+00 1.110829588071684082e+00 1.059758167706245313e+00 1.178787293958960758e+00 9.654316556322130038e-01 9.615468606726720324e-01 9.708979422542473037e-01 7.772383087049360428e-01 8.733932344024983863e-01 9.878947827651735070e-01
1.008452293353481855e+00 1.088828414197154926e+00 9.634596111951283515e-01 4.691286979565597592e-01 7.984168788623435820e-01 1.020697651323603461e+00 8.664379074730970132e-01 8.075732358513212361e-01 1.349671761452874152e+00 9.250563564585140286e-01 1.010247421491635933e+00
9.881179502738487441e-01 1.590622109148382979e+00 9.714214264497261775e-01 1.056033303550450775e+00 1.156860757067739387e+00 8.879073475657019987e-01 1.042177135524228637e+00 1.042464443348163128e+00 1.071593283837639188e+00 1.039135069216956531e+00 9.997809053642731092e-01
1.001156741011279827e+00 1.658743377866979785e+00 9.837228891911781181e-01 7.401463354509230097e-01 9.690758713950463621e-01 8.395364563116444190e-01 9.219654001841065538e-01 1.005216872217959523e+00 1.049244455974422507e+00 9.242365848518123705e-01 9.982217533953448019e-01
9.995978539660346218e-01 1.476381207492561076e+00 9.764051607918409204e-01 9.319800049776914008e-01 8.467553691568016072e-01 1.037607122028495477e+00 1.162723473592937040e+00 1.102380071468945566e+00 9.888060201020766327e-01 7.734905673173230189e-01 1.012714825965588039e+00
9.939112383831337771e-01 1.047885086119861420e+00 9.812787653466562565e-01 7.895542886488473577e-01 9.413027720923498043e-01 1.085217179738246163e+00 1.023852861464302100e+00 1.083298780253460381e+00 9.871135352252932149e-01 9.382027125501212206e-01 1.001988461982021628e+00
1.008563669634247484e+00 4.582017091831509514e-01 1.005318741405268224e+00 9.616608535878192754e-01 1.074784637516254637e+00 9.460748312160536244e-01 1.004219476932822319e+00 8.857582932422778388e-01 8.290958346375045807e-01 8.265655238607844124e-01 9.962256908226809760e-01
9.923644187456094334e-01 7.192293485379208651e-01 9.825289007108054529e-01 1.516139064184666374e+00 1.307212609249510660e+00 1.065858509977661850e+00 9.585377120050886379e-01 1.140849173914604275e+00 1.014793033390275045e+00 1.126883159312205063e+00 1.008226770147244711e+00
1.000869056184301886e+00 1.256623340729684513e+00 1.014597102294185982e+00 1.338730037600654343e+00 1.342251965210687459e+00 9.108348623366159247e-01 1.006597361739054453e+00 9.517751339809512601e-01 1.041748356311916757e+00 1.179490576325947782e+00 9.891227060244918157e-01
9.965163044237306256e-01 1.424669680489165646e+00 1.133438392409795492e+00 1.252560874757699505e+00 8.576092021722916403e-01 8.680941138529532086e-01 1.149255188829882757e+00 1.085539300007453800e+00 1.038683244278044704e+00 1.110445886096621537e+00 1.006008450060186910e+00
1.016487650466724180e+00 8.776295151234703162e-01 9.897274774827520272e-01 8.911663646273104700e-01 1.047253338071136630e+00 1.124698740663250485e+00 1.055903177867486331e+00 1.040370710829700673e+00 6.951223927933727342e-01 1.171463501004934571e+00 1.024441771967950832e+00
1.002121733637448164e+00 1.271959913953918608e+00 9.585462152247441470e-01 9.905529644804590417e-01 1.050035432835583427e+00 1.047676123931403191e+00 1.087372204220686811e+00 9.120384318322054540e-01 1.026684841092753153e+00 9.794905357004272117e-01 9.829976673696741996e-01
1.009096990775885105e+00 1.534083215597014327e+00 1.092120960307556787e+00 6.881972918733264555e-01 1.336386512069317911e+00 1.013941572671937630e+00 9.541069700422927236e-01 1.092482119526299922e+00 1.114094867471404404e+00 1.088672019464096863e+00 9.757715025374272821e-01
9.826804279569607559e-01 9.295756734931283072e-01 8.985193780766664862e-01 1.539737951630682389e+00 6.599010624254610935e-01 1.338018821055902530e+00 8.888853656912369949e-01 1.079476262665767683e+00 8.718535061536499819e-01 1.084242376044464162e+00 9.858218500187851951e-01
1.004049890661008027e+00 1.246238610662750990e+00 9.905280819428970984e-01 9.473971471713912296e-01 7.684237621112386396e-01 9.992506919219117378e-01 9.835612047188262430e-01 1.027795449354650392e+00 1.176226286699338708e+00 9.455465565073181144e-01 9.952065106609712108e-01
9.791194955501758557e-01 3.567771357839637503e-01 9.545646832736250920e-01 8.316269928655570798e-01 1.011354263095213257e+00 1.115273434879937575e+00 8.501768414563748433e-01 9.411687572961258130e-01 5.769069741462793388e-01 1.023779889981069502e+00 9.989377849581183577e-01
9.903116950901896809e-01 1.208727383736829308e+00 9.374925708274308711e-01 9.155112857263950632e-01 7.099603005790624533e-01 9.716955285684715227e-01 1.131633322007693288e+00 9.163287756150571006e-01 1.057236115713357183e+00 1.186680278833684543e+00 9.924828937843942489e-01
1.002692861036579952e+00 4.742277594858654854e-01 1.053608380570250969e+00 5.711163315729332890e-01 1.036658144763212164e+00 9.964646908316310281e-01 1.054162148972942248e+00 7.607436756296832581e-01 9.326523209614068222e-01 1.332393888784538127e+00 1.006933371920863518e+00
9.952221667977638742e-01 6.671590545695826879e-01 9.260720882847144342e-01 9.782576215442617684e-01 7.236739942831937888e-01 1.132244628700507461e+00 1.120774664010485422e+00 9.852990887825101574e-01 1.116731374583085357e+00 1.045946621919444652e+00 1.027723773095891246e+00
1.004911091411272661e+00 1.566511942737062402e+00 1.016074115055668692e+00 9.109619132977595513e-01 1.131342719189604384e+00 1.029441662371858301e+00 9.931998153929095796e-01 9.574101456118767617e-01 1.196768103778353298e+00 1.060780073961699044e+00 1.010533730423405219e+00
9.944272797536884978e-01 7.472437630179580292e-01 9.631395586091515693e-01 3.784875216554128841e-01 9.931769695874281823e-01 1.040002950647359592e+00 9.816548183385527260e-01 9.792878592831580908e-01 8.236588092287506768e-01 8.601802723077710544e-01 1.016331634576888243e+00
9.968338681715539495e-01 9.652545734133510802e-01 9.806422606522180452e-01 1.578616342449000731e+00 9.835062684181467008e-01 8.626792832285227197e-01 1.094031752543228153e+00 9.351921683044674971e-01 6.720864290622419190e-01 1.204829248172212264e+00 9.901358214020030690e-01
1.004203016867898812e+00 1.024086964707670688e+00 1.019176335099415187e+00 4.227238917245622618e-01 9.161641848933060883e-01 9.671439036169882097e-01 9.727086241589829596e-01 9.735282463119974139e-01 8.403773564130510021e-01 1.254260361357472986e+00 1.014341451749404488e+00
1.003036527199209216e+00 7.444875564970012682e-01 9.603508517401800892e-01 1.076241785516272254e+00 1.058982298750382522e+00 1.050023432564946013e+00 8.350865152361037769e-01 1.121690134924584914e+00 8.201163560161308652e-01 1.224255772925432861e+00 1.007661908905918446e+00
1.018061456849907787e+00 9.118569702889083306e-01 9.522811864741643761e-01 7.816679749828265855e-01 7.401076354164624060e-01 9.865693431652304835e-01 9.751622580349891267e-01 9.370867683535165638e-01 1.152159045338343901e+00 8.829767083535837724e-01 1.003691152229622130e+00
9.891299228906375030e-01 6.934674878933260178e-01 1.016834746880707963e+00 1.413817797806780518e+00 1.013945217793617903e+00 8.499433794092534633e-01 9.904036503153048621e-01 1.101544997364459544e+00 1.281869322765946784e+00 1.019447519399733437e+00 9.740533400103532635e-01
9.988877596202786480e-01 7.168639158536318501e-01 1.026595629864809789e+00 1.051950896342281894e+00 1.120966470337830145e+00 9.490321336131377628e-01 9.318690473959204690e-01 1.035144440942381339e+00 1.129283569203772375e+00 6.899780293002921727e-01 9.957634743933955201e-01
9.914528838184650805e-01 1.328062173750530928e+00 1.036496461914919731e+00 1.331394889255181457e+00 9.976908120250537193e-01 9.820276548200176370e-01 9.789194240899389277e-01 9.221337078246713004e-01 1.216504682917281199e+00 1.148136766858591340e+00 1.004615207776113239e+00
9.849939745719008544e-01 1.079550351091416838e+00 1.013639538896841774e+00 9.536979164891674632e-01 1.145404215314649532e+00 1.073245598569347203e+00 1.026938009777616179e+00 1.060328152968954774e+00 7.697868760080534001e-01 1.158369563788622880e+00 9.835139115153423983e-01
1.021024512453225785e+00 5.165214662681352209e-01 1.031424306125159118e+00 1.047234399477318334e+00 7.604230829587280693e-01 1.145393215291965916e+00 1.001490367896078926e+00 9.951812898679002206e-01 6.493205166273914308e-01 1.346203770684460066e+00 9.909110003996179916e-01
9.875618989297217931e-01 8.648338577199139454e-01 9.280232285174921936e-01 6.057084282059788105e-01 1.032490570494229098e+00 1.078524124961540931e+00 9.437290221473981777e-01 1.036412557904377474e+00 8.578463554285586934e-01 1.449271900295543425e+00 9.984987634753542673e-01
9.990642324748554293e-01 1.077638484765143900e+00 9.921364590045637089e-01 7.691948849283836154e-01 8.146170275350170797e-01 9.419999289111506968e-01 9.611799773833151761e-01 1.192470498619047969e+00 1.209327125519140234e+00 9.349830635928242373e-01 1.012283826617675464e+00
9.862793993197431774e-01 1.367541736624770854e+00 9.964022622257528994e-01 1.081408809869677468e+00 1.237044244858918063e+00 1.061009788632496731e+00 1.035654981335279334e+00 1.097391233366064922e+00 1.020055506346178698e+00 1.052191263564086654e+00 1.011635518750202634e+00
1.012248394980892918e+00 9.752565041745562269e-01 9.064302381635536143e-01 1.097416778833698814e+00 7.858527517508987481e-01 1.058124832897126000e+00 9.156445939435633452e-01 1.143106396079414111e+00 1.168712709014946061e+00 1.001792461023436109e+00 1.005083483579183756e+00
1.001673684351778171e+00 1.031574610570073380e+00 1.015012827040345345e+00 1.173143031890021115e+00 1.067516633775502655e+00 7.505231472395371695e-01 9.870575487835530071e-01 1.124569654292002285e+00 8.001085273349175520e-01 1.078351154413266455e+00 9.996835118181650603e-01
9.925592839218615460e-01 9.132965813926553489e-01 1.055755257661076474e+00 9.842297143996153741e-01 8.397478454454931907e-01 1.154390918848123393e+00 9.095508033224022348e-01 9.862928295723241146e-01 1.273138947886358618e+00 6.893166349439223684e-01 1.005664132721632020e+00
9.846553307856795723e-01 1.320970422850336501e+00 1.058013751737228336e+00 1.586725034346354590e+00 1.176386758772192120e+00 1.128827577927414838e+00 1.075559034810279924e+00 1.077323808947994399e+00 9.299249641570657143e-01 1.089598522793209456e+00 1.008077771464887418e+00
1.003609898468743156e+00 1.130543716399355469e+00 1.037807591066753243e+00 1.261575108607025264e+00 1.090045200047098595e+00 1.097983625440269950e+00 1.061400968980458437e+00 9.674037771582698619e-01 6.269674543103724851e-01 9.964376468242925888e-01 9.876271454467391298e-01
1.004379310564903927e+00 1.109039024111557081e+00 1.006840198111368156e+00 1.305182496050369956e+00 1.355560503460753186e+00 9.914502192239494915e-01 9.118044774641557160e-01 1.015240497648534745e+00 1.022828546096998581e+00 1.244173700417832817e+00 9.841906387275093371e-01
9.905576849758730429e-01 8.743734407824046428e-01 9.472535523160201532e-01 1.318557812408054364e+00 6.730339926010928675e-01 9.145941194177191758e-01 8.172372873050349762e-01 1.116997284168844473e+00 5.967508832553795051e-01 8.995797291946698859e-01 9.770282856877237077e-01
1.006605763691192701e+00 1.455112889738654491e+00 9.989210089752627031e-01 5.970491815468108587e-01 1.142146528502855141e+00 8.725283663144681734e-01 9.965249487611645973e-01 9.706579906213399500e-01 7.812505621513236020e-01 1.081997438398383915e+00 9.814943986719999458e-01
