1.131132812264221021e+00 8.662795191415306739e-01 9.862298410842762486e-01 1.003666036402458772e+00 9.937615212389014907e-01 1.148874165312286921e+00 1.029068439379748900e+00 1.011585985584107616e+00 1.323086042295730458e+00 6.844788166337898438e-01 9.997045337923214925e-01
1.100454828290724940e+00 1.046923236142033975e+00 9.781788578788579436e-01 9.113705054589360532e-01 1.078226007122713659e+00 9.593869026686140389e-01 1.037078389041528936e+00 8.336531080782532133e-01 9.661716948149480233e-01 1.026314985883717723e+00 1.004546739511148479e+00
1.205894897414562461e+00 9.530352273458029266e-01 1.008970841635911331e+00 9.524819387359515499e-01 9.830744848712631434e-01 1.098557762090563106e+00 1.026933320862454257e+00 9.129635071876346375e-01 9.087490659356128875e-01 9.695376773192906361e-01 9.928875538519552624e-01
7.971227194291603535e-01 6.621320830839483307e-01 1.057418594872928219e+00 1.015070999413143937e+00 8.036620599811056254e-01 1.026938850490864752e+00 1.174798287913437544e+00 8.499697797952205924e-01 8.160044199342232352e-01 9.558067453628709131e-01 1.008773380501689410e+00
9.537271864538745536e-01 8.701937341901768708e-01 1.024339430513218074e+00 8.796485538749269084e-01 9.340076295379654558e-01 9.080644792680951927e-01 9.299573061411874342e-01 1.064172506135133034e+00 7.312742167247344716e-01 9.624799209508611009e-01 1.010532918834846416e+00
9.497451230775376674e-01 1.158882200461373024e+00 9.496401636861271367e-01 9.991534016345519076e-01 1.245855857935406652e+00 1.035369663994054612e+00 1.124005691211374725e+00 9.450267366781243128e-01 6.180769347841389427e-01 1.032101856490902581e+00 1.005658138733609652e+00
1.013949211889765056e+00 1.194729015390865623e+00 9.823937876177382122e-01 1.019324416812176226e+00 7.914042052318593923e-01 9.326803709514150942e-01 1.102100498407210249e+00 1.084798991622943687e+00 8.792338768907593805e-01 1.165246612904242252e+00 9.968918796130417093e-01
1.152420327777404552e+00 9.682498958645073817e-01 1.052843307857438626e+00 8.654310906244144785e-01 7.673937018573468993e-01 1.010319503846849098e+00 1.007402508539963382e+00 8.272250215509027171e-01 7.992152638476093252e-01 9.308441143857526523e-01 1.002108955541506363e+00
1.044070021800962422e+00 8.843697394826739444e-01 1.080964730650993744e+00 1.133459198476218788e+00 8.221966375156358753e-01 9.250925637049433048e-01 9.021343430405950325e-01 1.061893631200585553e+00 1.106114741824986591e+00 1.254033443766517042e+00 9.979155696509593998e-01
9.855086060839621798e-01 9.595021015020556154e-01 9.956563161795941586e-01 1.209195354387534671e+00 8.939817874141802179e-01 7.814753501041157291e-01 1.067125975888732814e+00 9.321320253395022348e-01 1.449970161004336067e+00 1.057225035741225394e+00 1.020215030481977925e+00
8.370803177213858026e-01 9.297874996736565922e-01 9.031868247556540386e-01 8.707265234294006007e-01 1.178590675113597719e+00 1.091327897499948074e+00 1.011810281645777021e+00 1.002526272381473182e+00 9.940652053075950123e-01 1.176712032249890072e+00 9.861571047241893817e-01
8.645255873301331828e-01 6.174589539195964871e-01 1.044871999402066987e+00 1.046093456011159439e+00 9.010961262505401415e-01 1.072869693851038253e+00 8.884198017061197827e-01 9.615138222754811004e-01 8.917623800486966790e-01 8.125172301855798640e-01 1.017537158117734153e+00
8.686042832919339540e-01 9.923296318131894500e-01 9.738428767000182340e-01 1.048000620430400653e+00 7.571304414723698528e-01 1.024661072628999303e+00 1.179422007244794735e+00 1.029967423223926426e+00 8.661562593688938438e-01 9.266335522095277000e-01 9.943690507501123932e-01
1.078108164788645462e+00 1.007698276552359662e+00 9.910038862092083178e-01 1.092328761448805530e+00 9.773156708548359495e-01 1.029090042618699519e+00 9.070629387389360643e-01 9.913768469766749414e-01 1.297154579690006582e+00 9.740731716898797243e-01 1.010116517629479294e+00
1.221023495702913131e+00 1.089361797908179996e+00 1.005412529242798669e+00 1.138619259642422055e+00 1.402902918547313860e+00 9.952399948178339839e-01 9.853036316471451839e-01 9.300119076529336226e-01 1.132515238842985772e+00 8.709326025949110095e-01 1.016416856338339336e+00
9.725114409867833265e-01 8.194619345023759216e-01 9.511180967402260711e-01 1.165840500259440082e+00 5.114770005241175976e-01 1.070337076373137464e+00 1.083572342590373383e+00 1.108933781801270335e+00 9.043537747263163951e-01 7.981535578621847815e-01 1.012054268072572816e+00
9.602990499045753747e-01 1.226938192451207943e+00 1.001337605093807426e+00 9.181449592703602169e-01 7.402795564949329332e-01 1.304407403914474628e+00 9.609427344562605500e-01 1.101976495987644578e+00 1.150833175981853529e+00 7.883302325355725504e-01 9.760210600901768618e-01
1.008614876256792137e+00 8.541597095865659517e-01 1.030201271210237080e+00 1.031131876224181454e+00 1.202507364976357129e+00 9.158181253649355646e-01 8.567936594046365872e-01 1.164384642432518380e+00 1.393191405996431209e+00 7.646600937048287916e-01 9.804290327745719402e-01
1.037233192357769562e+00 1.149225929340179864e+00 1.002659814557180340e+00 1.060448120253269177e+00 9.442075204427829993e-01 9.621481943439703644e-01 9.059667306438404788e-01 9.763344310993191666e-01 1.126857199500489237e+00 1.036127449521862864e+00 1.018621868805470676e+00
9.274041916723168022e-01 9.039267852259896818e-01 9.238356080774996482e-01 8.534901188466986754e-01 1.002531826299592366e+00 9.145508220404191535e-01 1.049392373711447890e+00 1.075472660863874275e+00 1.069944579463548484e+00 8.985412128748199168e-01 1.000384516321620287e+00
9.512980766608823968e-01 8.014747215774221667e-01 1.008016970297664905e+00 1.104063181495888113e+00 1.106270787329217242e+00 1.060403412615093632e+00 1.017323129438872265e+00 1.175966542106629875e+00 8.271823320315299100e-01 9.361268920671697025e-01 9.843361786720759010e-01
1.068478095799475280e+00 1.108671530855442455e+00 9.715099328006175927e-01 1.058313029682555362e+00 7.470992514182053235e-01 1.069060479932161911e+00 9.183537064022158081e-01 1.282479837120131805e+00 1.058257113382620629e+00 8.761334061260067640e-01 1.011582849779425253e+00
1.005384145244544669e+00 8.634572096226024174e-01 1.034799017246073927e+00 1.122489604719732359e+00 8.919883148699218056e-01 1.005436612439321475e+00 9.910793523470680100e-01 1.115107767817179907e+00 8.350211181744240374e-01 8.784382812463527035e-01 1.001027249341866154e+00
1.140884720434524935e+00 1.206815040636461500e+00 1.026862751566053555e+00 9.913864233277807081e-01 1.192247153208087163e+00 9.674197033230336196e-01 1.046584651397386212e+00 7.831344267252622338e-01 9.619724348957436888e-01 9.722789245757638144e-01 1.021608942192518743e+00
1.059549838162501700e+00 1.092773683369791193e+00 1.014988392266181982e+00 9.010769242567234771e-01 1.020049379990506377e+00 9.726347761953739735e-01 1.072291596798667923e+00 1.003287952220393908e+00 9.741629577425586772e-01 9.883678066215940694e-01 9.957166398715251443e-01
1.105579102701874872e+00 8.390941088317478425e-01 9.186395651969913034e-01 1.081073311117120905e+00 9.663708306908527224e-01 9.983805576709919860e-01 9.858984654597738873e-01 1.018340850809451137e+00 1.184437413267298789e+00 8.642763937612427672e-01 1.009085719525314451e+00
9.095103138591580372e-01 1.056712933273313615e+00 1.040523868909656091e+00 9.767492500116456977e-01 1.186013160081271334e+00 1.022059022429264941e+00 8.756617307716388909e-01 1.000005295297175856e+00 8.100433340812214222e-01 1.041782729955227804e+00 1.023073134835016829e+00
9.642635042463950645e-01 1.031316442046143145e+00 1.037417550667070421e+00 9.370711209312858614e-01 7.891137548778475175e-01 1.087065606963551367e+00 1.061630546083473403e+00 1.031386019256221864e+00 1.082613809305135177e+00 1.059757620475395568e+00 9.867832405785080807e-01
1.016276121891289019e+00 1.115191711552519616e+00 9.710733676800603620e-01 1.065993178597023139e+00 8.725796263533189823e-01 1.030867479451903046e+00 1.151300300107590768e+00 9.073043296145557601e-01 1.138387331078303921e+00 7.402619936269796419e-01 1.006667445166550268e+00
1.089673409719341457e+00 1.015705505892298799e+00 9.900837693948593143e-01 1.297992467002757611e+00 6.757130571754013104e-01 1.104697096643883159e+00 9.499160069351565427e-01 1.067794207295927889e+00 7.788179671684154481e-01 9.203324569236698283e-01 9.987570372485216064e-01
9.811582337514450636e-01 1.004849197174156439e+00 1.050265075473760579e+00 9.203416618446980113e-01 9.707360414950354510e-01 1.074813154678021077e+00 1.004226576403301374e+00 1.140613296537818400e+00 7.138662845421909209e-01 8.296110749703033971e-01 1.013192102362656222e+00
1.084332262395213853e+00 9.507988996696365991e-01 9.882381585337697283e-01 9.593359810089363560e-01 1.045137756527370509e+00 8.853267343509372278e-01 9.721680212618798445e-01 8.229914986552711031e-01 1.068428988206161279e+00 8.323802210392968748e-01 1.005984313413428310e+00
9.585163105173515330e-01 7.381214076277319291e-01 1.062859784293173515e+00 8.322069364316806439e-01 1.003876848291069823e+00 9.668513901256856613e-01 1.067925623379047728e+00 1.098243102467333587e+00 9.005831858215546104e-01 9.635863429762939747e-01 9.955402168686461328e-01
8.206823691047954172e-01 9.241294607452631427e-01 1.103404532571324204e+00 7.955504837800982942e-01 1.144623301606410237e+00 1.020839379486880638e+00 1.077530465728945952e+00 1.136056541287658872e+00 9.146842203495672008e-01 8.008311466444559823e-01 9.909351077046788525e-01
9.349857160396046751e-01 1.018049258897814280e+00 1.002343714206976877e+00 9.253507251030059777e-01 1.251138695232971720e+00 1.023195089559505888e+00 9.693495679505497176e-01 9.440623832823947792e-01 1.253716127511456335e+00 1.127495552272820944e+00 1.028337772530304894e+00
9.697486491241468221e-01 8.225609993383935503e-01 1.032066876252662579e+00 9.774006131593917512e-01 8.341792675835494331e-01 1.123298447128434407e+00 1.144670529172155060e+00 9.667447563537138189e-01 1.195464497399014281e+00 1.001130429649473852e+00 9.948343720826565706e-01
8.144839919100532732e-01 1.080912414236509855e+00 9.462678323439539518e-01 9.563728238444935137e-01 8.686765207792163102e-01 1.046591279462322222e+00 1.016171829996149301e+00 9.858481030859238547e-01 7.882512819516374059e-01 7.737816100599236302e-01 9.849357377156305882e-01
8.540532760037633508e-01 1.122520401494252917e+00 1.000300733103254514e+00 1.162141564231354840e+00 9.788503064373331730e-01 1.113376200558431117e+00 1.019702806904933423e+00 1.069853028273834328e+00 8.378669226910077095e-01 8.863828681214833694e-01 1.005187984188912198e+00
1.086149537541988952e+00 9.982397648870638962e-01 9.390435216457608814e-01 1.000184726447003625e+00 9.581852851266925430e-01 1.099363416438435159e+00 9.965361962662195872e-01 1.040315426878768879e+00 7.336493214758241788e-01 1.234179024594964869e+00 1.004057653139913908e+00
1.088923922453728821e+00 8.863948387445981236e-01 9.439740342849398669e-01 8.743084514332190027e-01 1.171635402990410135e+00 1.096309946416540004e+00 9.460705196531603578e-01 1.041974057225246053e+00 1.075852041316860186e+00 8.590628944947368284e-01 1.002971580365241033e+00
8.364831390364334540e-01 1.057974400591719988e+00 1.005755363864133445e+00 7.592901194005559073e-01 9.867082104052209424e-01 1.197438319517323269e+00 8.899204006196403949e-01 1.036292596218423956e+00 8.880812726162337079e-01 7.471500842788521002e-01 1.008617660144527362e+00
8.461283557471152017e-01 1.186728841623027719e+00 1.072318727734146160e+00 1.036955008510943355e+00 1.235662100045181733e+00 8.582946966586776361e-01 9.821185870165688447e-01 1.056930552538999146e+00 1.267727287518511270e+00 1.105821286330514575e+00 1.012619897068635755e+00
1.113849876081900003e+00 1.000402450703150814e+00 9.656707677690932190e-01 7.409773630427041180e-01 1.329335971952692041e+00 1.092195233646770625e+00 1.058940032350717209e+00 8.420873590375177464e-01 1.122985431045659066e+00 1.026832071907715749e+00 1.007177586535511260e+00
1.111108980972557392e+00 1.040654868014121881e+00 1.008740464569410689e+00 9.981302451271938381e-01 1.045662733669706634e+00 1.108081505756620899e+00 9.944276611927344023e-01 1.162278060651245060e+00 3.882530464630589151e-01 1.122804308920036132e+00 1.003335567015711804e+00
9.631358239046263758e-01 1.062707895507161826e+00 1.020701978984695169e+00 1.002480111821536735e+00 1.103420595402807125e+00 9.541218332500193133e-01 1.056365196922425254e+00 9.387489086102528413e-01 1.145090871193821691e+00 1.167950262670631290e+00 9.870602182285913573e-01
9.659407778290434177e-01 7.761494246455061807e-01 9.485617468196879676e-01 9.697955952879268038e-01 1.093532938030928658e+00 9.576726117995230103e-01 9.328045220195996245e-01 1.014446433152314642e+00 9.795525816912225014e-01 1.289567241203099623e+00 1.005040796205989739e+00
1.172351953413168779e+00 1.095225583418435455e+00 9.353642356044160611e-01 8.281771711702941019e-01 1.127343019074827701e+00 1.079633351226399363e+00 1.031891596467374717e+00 9.223182684029398448e-01 1.376397826640379352e+00 1.081096966128123782e+00 1.013741045006393504e+00
9.995763308044295359e-01 8.745868655748583187e-01 1.017093259564713970e+00 1.097761480930619760e+00 1.016631746978710726e+00 1.014053234552613647e+00 1.044551499917839354e+00 9.350186104236734019e-01 1.269860455614081562e+00 1.085818594528774383e+00 9.974675279370870395e-01
1.151095599409553083e+00 9.357369371235678690e-01 8.636134296207340633e-01 8.869628428570622836e-01 1.011562422782206649e+00 9.701589790147006065e-01 1.071389200395842067e+00 1.078482098964610891e+00 1.293851960086952912e+00 1.132776440401872531e+00 1.009487780739426466e+00
1.003987234989812016e+00 8.918632729666754466e-01 1.066675370686928526e+00 1.065085980722790593e+00 1.153307993555696687e+00 8.986289103507938414e-01 9.995738651730746716e-01 9.050637956960668751e-01 1.228245670941230383e+00 7.795552941416243886e-01 9.977621885586578365e-01
1.034762487527988828e+00 1.032024209334387432e+00 1.119916547338311030e+00 8.830848208539378019e-01 8.603736227124908487e-01 9.358957483479894979e-01 8.834994862863797538e-01 1.035558579198743612e+00 7.663953161287437865e-01 9.010626408162801804e-01 9.964992385750647275e-01
9.891811350541498404e-01 9.733242148296379348e-01 9.580465931860112638e-01 1.024613624387699762e+00 9.917979651815457265e-01 1.083864647194266340e+00 9.651208284782748503e-01 9.509616353481341600e-01 9.374590644247960958e-01 1.014679661254842102e+00 9.925007454260279527e-01
9.247320963518879111e-01 8.320070872213325419e-01 9.531458021764256383e-01 9.406216956706533461e-01 1.109824329157460987e+00 8.679035402316758185e-01 1.080902082867797986e+00 9.477685551382877271e-01 8.488188573464288122e-01 1.101879783703492599e+00 1.017390855421325790e+00
1.126153459435914606e+00 1.248123445586597935e+00 9.855510170447281393e-01 1.069965709104257146e+00 7.803540936138672057e-01 8.732078289711446839e-01 1.098492553065930633e+00 1.080568795923851466e+00 1.013027361655874481e+00 9.505583231415035694e-01 9.904805655691355515e-01
1.010932713372928227e+00 1.144387291125020578e+00 9.970687629483049319e-01 1.088176806916953510e+00 8.393517070277420888e-01 1.015394198775772194e+00 9.434511689467057760e-01 9.791046060514050353e-01 1.126979527745968435e+00 1.208193075408748873e+00 1.008294164926692993e+00
1.015285045853745460e+00 9.886258279992504727e-01 1.039813738892432227e+00 1.147682614022003333e+00 1.676238597696242838e+00 7.744029325510044526e-01 9.636733601361888724e-01 8.758411622142993069e-01 1.097725475623027025e+00 8.845507222373703016e-01 9.798059578356220767e-01
1.094589782895937446e+00 1.139027183738018367e+00 1.071190446093523319e+00 9.742131634679721541e-01 1.036020602674718294e+00 9.555883265913387437e-01 1.023895854716665443e+00 1.022139623144140419e+00 1.170418652026606665e+00 1.030855869126329871e+00 9.958737943394844194e-01
1.063119656251214851e+00 8.270724907879491994e-01 9.751946095552369576e-01 1.050057210294336851e+00 7.225648113281053497e-01 1.012798664364255030e+00 1.063517967491517835e+00 1.102176729361948215e+00 1.020131447481373410e+00 9.786246671407594633e-01 9.993593794939396036e-01
1.137339233017748086e+00 1.079858594839046448e+00 1.016103076404250460e+00 9.709273083326377396e-01 1.050765104532365823e+00 9.048981607957929940e-01 9.190178531866028955e-01 9.152414625730987963e-01 1.326866620442113787e+00 1.109407875948181355e+00 9.936276741043514882e-01
1.028659861863086444e+00 1.166646587104405164e+00 1.012612551046848663e+00 9.169437665096060730e-01 1.365184725247938768e+00 1.194031394811264635e+00 9.554439278421389403e-01 1.034181247549444294e+00 1.240901517516324715e+00 9.771654104658039630e-01 1.011202871920304114e+00
9.386613419117277868e-01 7.839674156052741649e-01 9.810153353414055033e-01 1.179079298934029074e+00 1.025350160407092925e+00 9.014214203093907640e-01 1.042671259145779850e+00 9.331354220958886225e-01 7.472330509002902410e-01 7.563801070853848341e-01 1.026985675193686554e+00
1.108506994773450050e+00 1.013425013274408260e+00 9.343359400532266212e-01 1.004903065360681635e+00 8.114224303776474967e-01 1.163256353095069029e+00 8.299030074728825923e-01 8.675365443792453224e-01 1.152228112402204907e+00 1.136012223081865891e+00 9.813912027815655525e-01
1.059725288853702763e+00 7.059040733120076627e-01 1.010408864290563757e+00 9.651802049602529188e-01 1.374801348919982402e+00 9.948345176222121999e-01 9.102475635192134318e-01 8.602746203849791495e-01 9.403444049597673438e-01 1.221824148973490898e+00 9.950039498934184490e-01
9.150162536470763941e-01 8.960026102571736484e-01 1.091811445493257926e+00 8.980189855549796096e-01 9.206867055283529666e-01 9.441699322249806903e-01 1.138565655525631382e+00 9.201823262950423743e-01 1.249582033887462806e+00 1.306185693941369630e+00 1.004762246466175402e+00
7.487913913929211684e-01 7.511866571694636452e-01 1.003705254626925614e+00 9.864621655722003446e-01 1.124298679240043564e+00 9.788967136233336364e-01 8.986867323016264342e-01 1.087054119022512921e+00 1.347291202821399692e+00 6.990935579050359117e-01 1.019759854935599286e+00
1.026760051778629723e+00 8.107292387537674561e-01 9.872201030082543571e-01 1.054765861843143249e+00 8.165454396210596322e-01 1.119343799441146592e+00 1.101002175613173373e+00 1.066321568981158485e+00 8.961998746445143382e-01 9.481539874709240534e-01 1.005919293817268301e+00
9.563138414368306250e-01 9.969596577252829439e-01 1.142763312885989091e+00 9.275767470543162529e-01 8.971928799960970924e-01 8.911427591724982999e-01 1.134423349758215904e+00 1.213534973959135677e+00 8.260532231541355408e-01 8.576991672774899600e-01 1.009739346391057113e+00
9.777894321612977668e-01 9.582744225804584737e-01 1.025263770269161601e+00 9.820374451214967104e-01 1.346069505439794423e+00 8.376222508889639151e-01 1.107682394585236318e+00 8.968152404630500563e-01 1.096088297637207276e+00 1.052313225879211389e+00 1.014195458495518620e+00
8.822222990959002198e-01 9.797083233656669332e-01 9.516585763766099992e-01 1.008592940524817294e+00 6.973514999044769791e-01 9.989335915349877304e-01 1.025980587065763228e+00 9.933624533156195646e-01 9.566296437930414953e-01 1.197250343403256201e+00 9.552216478224524465e-01
9.472558899841150293e-01 8.941002038206531388e-01 8.874742798102649433e-01 1.022662444020516093e+00 1.169239963161788465e+00 1.178128161117592443e+00 1.052704643495340653e+00 8.896186752717982760e-01 1.314355957084766935e+00 1.040610128928235234e+00 1.020842823763755236e+00
9.759799636957692259e-01 9.465892570837348696e-01 1.042796060947839720e+00 1.033939210262341257e+00 1.031253591178070250e+00 8.937236946308786401e-01 8.613200109660970050e-01 9.639671279055355146e-01 6.005650493502816545e-01 1.038187806390199031e+00 1.033033568035856664e+00
1.000187210239615876e+00 1.263292626334961977e+00 9.695686376748617885e-01 8.665022826915105281e-01 9.173284198118408783e-01 9.286578882310393412e-01 1.115368686170275625e+00 1.112082378297284846e+00 1.141295487614589321e+00 1.065203717166580466e+00 9.885906579249399417e-01
1.073109516642990036e+00 6.694754158016569257e-01 9.007998307756808209e-01 9.604560793807305208e-01 1.014154787490863407e+00 1.135491661136166952e+00 9.759062061646572861e-01 9.623778396768516430e-01 9.870978250298554357e-01 1.093963086338026969e+00 9.898297682134433728e-01
1.050817726054832146e+00 1.181263953704549952e+00 9.770568163738578837e-01 1.076971449924922775e+00 9.236147742891256396e-01 1.054995820698538589e+00 9.550078874914113003e-01 1.055585301768936723e+00 1.113149937611547458e+00 9.341694651666944127e-01 9.933581522997433355e-01
1.047759583280797324e+00 1.065803714932947122e+00 1.055100986056211942e+00 8.932712310869125316e-01 1.164109404020474248e+00 1.132051948420896181e+00 8.673000727781594588e-01 9.488619542978868893e-01 9.455707333531523373e-01 1.238007463797845098e+00 1.019215386496218567e+00
9.108276857041419650e-01 1.145342791644627267e+00 1.019302047332305783e+00 9.829171845571620381e-01 1.301562441450446972e+00 9.642132940737918601e-01 1.057285307217937342e+00 8.708427638863499576e-01 1.062389469967370381e+00 1.016945961385929076e+00 1.014748882939092267e+00
8.757828934184941350e-01 1.232047507565418032e+00 9.607143003918503510e-01 1.011755937057658761e+00 8.412956092532530850e-01 9.634583825802952584e-01 1.023239573833043980e+00 9.972128407972482567e-01 8.551774556002679217e-01 8.813043994846699869e-01 1.002190472638951224e+00
9.199420445452249906e-01 9.875297050073482685e-01 9.372664911486109363e-01 1.101337878938591475e+00 6.650899986726084290e-01 9.443238520986236839e-01 1.002980641343341972e+00 1.046962228820970342e+00 1.083869809974395748e+00 1.047823646435893430e+00 1.023710108087724890e+00
1.165467918046516171e+00 1.051297205255451894e+00 9.132993401763013219e-01 1.152939663693919314e+00 6.914287928495144175e-01 1.038563266070223312e+00 1.249733282261861866e+00 9.835000637797046696e-01 1.209884769851772957e+00 1.002648639100451877e+00 1.007419356315965464e+00
1.246516052641744476e+00 1.219579805382330573e+00 1.049195670581846151e+00 9.957245692053170449e-01 1.040491856914491642e+00 8.813502576647751496e-01 1.087756874258333450e+00 1.058590027593313776e+00 9.886534778716724592e-01 1.022610398170087143e+00 1.010412067477607367e+00
9.911161072178618081e-01 9.620465102367479204e-01 1.022581258356557221e+00 9.349323499994184328e-01 1.213883058396532100e+00 9.837168488954926016e-01 1.038257899953719310e+00 9.281700251623047349e-01 8.169285258929217530e-01 1.371002125055386323e+00 9.900760345025589881e-01
8.490848707960139130e-01 1.024750992100208480e+00 9.629940423819723927e-01 1.010043804966952008e+00 9.518480910253281913e-01 8.536824211903406567e-01 9.661508817192228094e-01 1.155628337672283790e+00 1.049872310254012620e+00 1.112644656006732680e+00 1.016110725586772512e+00
9.287972346648111222e-01 9.186225417616009636e-01 9.794608204562622600e-01 1.026874272672558375e+00 8.757348380014017275e-01 9.919693215135679809e-01 1.039551679830367448e+00 1.009609077120296350e+00 1.000515878860273489e+00 1.086898635805191971e+00 1.007803220089429352e+00
1.042584942376707069e+00 1.068941080062055571e+00 9.673999402033657269e-01 1.197605489660461542e+00 1.326385183318978367e+00 9.903988015320017713e-01 9.986029561165977730e-01 9.808041123066116862e-01 8.837638362314470530e-01 1.150817269174524426e+00 9.713027356176270333e-01
1.050017534076017833e+00 1.112690884669107705e+00 1.018216789179746007e+00 1.042050363756124698e+00 9.487221092700954816e-01 8.272606761965037858e-01 1.009941811510921772e+00 9.086386311598878551e-01 1.032492204763789223e+00 1.119913677348462144e+00 1.000701186135230403e+00
9.442151798782113525e-01 8.453670623285246544e-01 1.035976308223709452e+00 8.979831604013808199e-01 1.121877389230659716e+00 1.037635809641929585e+00 9.211092117781847222e-01 1.024327323153790825e+00 1.043557683921470192e+00 1.009328343719628540e+00 9.879333579321563086e-01
8.900135869097832719e-01 1.028570877279852525e+00 1.011406465669665522e+00 9.438160517974731878e-01 8.779088541659865186e-01 8.976585129907466154e-01 9.571762311945217760e-01 9.024409427652013704e-01 9.180271278586643602e-01 5.709301892080942409e-01 9.923789462677568007e-01
8.239135197213699469e-01 9.944235536107053353e-01 1.031629449398742349e+00 1.053621276119811823e+00 1.276639518665032558e+00 9.493741442173030398e-01 9.880937932333283547e-01 9.571893723545205068e-01 7.405964890457907845e-01 8.075082763073803127e-01 9.824023284344489682e-01
9.525103579652167696e-01 1.176905286570731679e+00 9.554275949678563418e-01 1.175606213716360315e+00 1.064463978064400296e+00 1.048139301802319512e+00 9.701224160043395717e-01 1.024644325207161311e+00 8.442653630497314321e-01 9.048684895293113151e-01 9.747511044060072072e-01
1.025083872951696229e+00 9.102080037810383883e-01 9.926222615711859376e-01 9.534797809452778550e-01 7.336009701368134683e-01 1.051166461709984512e+00 1.106989604042719622e+00 1.190653603236035307e+00 6.583284731720165928e-01 8.694334140374343489e-01 9.725770689373076650e-01
1.161525875021435228e+00 1.002491409282435741e+00 9.311836476419915742e-01 9.898137841114025282e-01 9.274381536374206592e-01 7.305976069820582230e-01 9.589072179826837461e-01 1.038546858408155416e+00 1.048085930644422792e+00 9.141917674172815866e-01 9.962016613615652938e-01
1.018497772101782051e+00 9.301956354856631970e-01 1.006981716594345766e+00 1.030951362591259635e+00 1.414143359517667342e+00 1.146083660149991301e+00 1.001490010001666153e+00 9.787007144221626653e-01 7.811185810338284741e-01 8.221071520557911017e-01 1.012836063467187131e+00
9.372375557497895082e-01 9.761357947672398838e-01 1.034021347099215227e+00 1.084044566388018715e+00 6.446557145193485550e-01 9.897253782505494035e-01 1.051971912796719311e+00 1.020988188545897124e+00 6.991692494905052957e-01 1.075728424350409052e+00 1.034900850310299880e+00
9.012230749527971874e-01 9.452357382598380875e-01 1.051755185485307109e+00 8.907224798145939593e-01 1.069997966339362616e+00 9.211369334713606083e-01 9.682756221837889310e-01 9.690881853454931250e-01 1.216688537867213205e+00 9.402581942011348781e-01 9.919113342989327453e-01
1.012763535836910922e+00 1.116937439508192131e+00 1.046692491242253498e+00 9.229924681587787783e-01 1.221845117488154608e+00 9.466496737518590443e-01 9.378216152556404506e-01 1.015060748129871460e+00 7.189326991956707102e-01 1.019540612322353157e+00 9.864010637711596585e-01
1.104393442450307461e+00 9.194527839152135673e-01 1.028786015618470273e+00 9.933721279762214307e-01 1.074944114648072491e+00 9.881230771813800384e-01 9.264016551462591620e-01 1.149769702175894803e+00 1.179939205457105178e+00 9.962618851339761772e-01 1.014939432255296703e+00
9.717718014735566845e-01 1.174806248941137055e+00 9.286764983880096969e-01 1.050937388045154464e+00 1.233079589746611582e+00 9.110851046009238452e-01 9.272421574018450130e-01 9.416312078824221610e-01 1.431119454224314858e+00 1.185870338604401608e+00 1.022340848212560216e+00
9.312651570944296964e-01 9.405672242475641154e-01 1.093738102528723388e+00 8.370322860640150298e-01 1.092710501839859072e+00 1.222221913518277470e+00 9.425197325368342982e-01 8.136439720495513006e-01 1.025101903232551237e+00 1.181797966299015901e+00 9.857889590862574103e-01
1.098678447809323888e+00 9.114951070655495924e-01 1.041992935095767736e+00 1.020031546580087767e+00 4.844588071600689494e-01 9.854931007857381520e-01 8.930973480472330639e-01 7.957344085672380940e-01 8.762667022265212546e-01 1.206723349879835538e+00 9.904750411161373780e-01
9.040279542136043789e-01 9.335815654028167820e-01 1.029271993053239909e+00 8.514634463995263136e-01 1.271368109201203023e+00 1.158457214320606665e+00 9.320322380682907193e-01 9.712173512771575812e-01 1.364404001600937555e+00 9.946247106504236823e-01 9.992479458099825518e-01
9.969382043883248112e-01 7.650173802224411457e-01 9.839460880710192425e-01 1.125531601607425713e+00 1.181099194221570281e+00 1.121902261633061393e+00 9.816114732448961711e-01 8.937297186025635609e-01 5.679409974820481821e-01 1.153430480268265557e+00 9.833435799909915342e-01
9.790160811321562129e-01 1.281122197512056138e+00 1.021627384727140209e+00 9.795321979567890303e-01 9.282418878018749986e-01 1.057664721824945309e+00 1.044860099502005424e+00 1.116638492179807152e+00 7.561068946923381606e-01 9.683603920474801452e-01 9.853389216257045780e-01
1.021634443723730135e+00 8.807481904630409808e-01 1.027111891564778112e+00 8.097086091680592013e-01 1.132352344165930447e+00 8.512576826575583011e-01 1.005827533057015444e+00 9.755575378161802647e-01 9.283393795586627473e-01 1.444081652912991176e+00 9.657127549180450909e-01
1.023241513649269407e+00 8.379790473973454112e-01 1.024167576177460459e+00 1.095528093724040586e+00 7.285463712253733570e-01 1.153398375338996917e+00 1.094548509471329645e+00 9.939261191588804056e-01 8.620171850973818994e-01 1.054647206345226351e+00 1.006363894483440102e+00
1.081441371211528280e+00 9.423106259396659690e-01 9.889021607625393395e-01 9.403746019836169978e-01 1.265606537427818479e+00 1.008535111780649807e+00 9.743581235048793809e-01 1.010721994405545887e+00 7.919906036531875193e-01 9.450206796200908421e-01 9.842334504584824284e-01
1.146910938038109951e+00 1.265362514573802555e+00 9.610920866362334669e-01 1.074695920086047973e+00 8.871100811593917168e-01 1.115876410834705679e+00 9.731050943804435693e-01 7.469269408710825786e-01 9.136625439638780266e-01 6.347939048221906688e-01 1.001618745357519158e+00
1.032656569628178644e+00 1.129820636661016175e+00 9.432123868015045431e-01 1.072107779628632240e+00 5.553580437636262968e-01 8.875519563626045327e-01 9.531375127787334867e-01 1.006605537405751427e+00 8.590791885145009354e-01 8.956520819895616992e-01 9.836770054675554320e-01
7.885528303384408133e-01 8.591228090514126947e-01 9.981757464433890226e-01 9.572179934181297423e-01 6.163453580727047409e-01 8.131362978560268129e-01 1.048312277692198036e+00 9.591467876117757418e-01 9.588261238335762382e-01 1.013587518281501509e+00 9.971947396525422391e-01
1.007436416481587882e+00 8.498985222747552637e-01 1.013952737505059210e+00 1.091302562241022622e+00 1.135643596808975975e+00 8.304681552342894069e-01 9.343473139270838113e-01 9.382370297850352037e-01 1.168563428802268822e+00 1.319245712946474525e+00 1.018025414595827183e+00
1.121319879075626469e+00 1.198035344228340238e+00 9.939886083614655199e-01 1.079688808000128120e+00 1.025815089360648802e+00 1.033038020149361413e+00 9.957825377584215154e-01 1.245484942679710105e+00 1.087531169434018397e+00 1.219254931957694632e+00 9.766358813018793938e-01
8.853394052380133550e-01 9.260411423170433753e-01 9.911796813689793817e-01 1.129222689831529181e+00 1.158538770858772438e+00 1.003184084464213699e+00 1.033309665840840053e+00 9.965603250413599401e-01 8.053493002870171225e-01 1.115824787740056001e+00 1.008000584349485251e+00
8.731687414808697589e-01 9.825775092099701125e-01 1.020292145467588618e+00 9.101722183821876477e-01 6.039774953695214998e-01 9.516373128346672372e-01 1.084044748011664616e+00 1.073610363534585055e+00 1.115611688197714724e+00 1.098487884530138015e+00 1.001250838968834600e+00
8.980622575070030811e-01 1.237529715254008345e+00 9.593579222254722261e-01 8.443094486047201253e-01 9.451739560433937148e-01 1.000277576657633727e+00 9.128855543877691936e-01 1.006410925720180760e+00 1.204159748942135177e+00 9.243500602681054001e-01 1.015554278697985868e+00
1.117699215006169089e+00 7.948512144605147656e-01 9.454315113497212542e-01 1.118403670848492792e+00 8.823959807821597501e-01 9.178337299822590944e-01 1.073481631254156188e+00 8.540657847530099822e-01 1.027369324686453700e+00 1.071161810470235176e+00 9.890131805904474049e-01
1.067087690028194480e+00 8.568030889793883942e-01 1.055768992288823593e+00 1.007981517404383798e+00 8.643079874691186326e-01 1.065673978248512288e+00 9.520915712519052443e-01 1.090892162871544890e+00 1.283658899500398354e+00 8.477129744620065521e-01 9.984242676739782940e-01
1.030921513152459390e+00 1.163802845108590889e+00 1.038786849363692699e+00 9.325768591785622563e-01 1.469193466560389627e+00 1.019057861234554219e+00 1.013232381446947050e+00 1.183501851591527210e+00 9.494620819327679317e-01 1.074612052122963179e+00 9.744277449625327048e-01
1.178948711174385711e+00 1.134785600678957618e+00 9.789630893102158060e-01 9.672576944856655645e-01 1.118374116720470379e+00 1.080665652324453330e+00 1.054320165618948701e+00 8.895151377110446234e-01 9.704307697287157808e-01 9.907604916976374687e-01 9.980931557806698162e-01
1.294343827384868195e+00 1.038305018823197257e+00 9.258683075212165159e-01 9.626607976704525393e-01 8.149430138812494562e-01 8.012120812746450493e-01 9.836234983629670303e-01 9.725666427298534922e-01 1.075285002213517860e+00 9.814845897694902677e-01 9.914465450661741341e-01
9.427253231850212245e-01 1.022744506999065717e+00 1.068438048550590880e+00 9.942652410012089437e-01 9.740001434639792288e-01 9.813817345434703299e-01 9.446753240230861826e-01 1.199454008359632562e+00 1.061304614383025147e+00 1.145184312098978419e+00 9.921435149305414258e-01
1.126966132144737287e+00 1.211363622336180113e+00 1.105719437790585458e+00 1.038821068113837898e+00 1.055519279204373273e+00 9.273993391809853826e-01 1.089253020590073895e+00 9.878854811198504171e-01 1.036239147808553529e+00 1.005439052427605562e+00 1.004394366495333646e+00
9.678154930681350798e-01 1.091029099649239331e+00 9.566552118103768265e-01 1.017641914220523081e+00 1.060215729452084199e+00 9.232783471875158909e-01 1.064456571330206103e+00 9.675025175246405595e-01 1.538910789882620422e+00 7.131802958612938337e-01 1.010799412869994862e+00
9.325716480725707580e-01 9.655678074486947482e-01 1.013348691944497837e+00 1.035498856147090363e+00 9.087130088059477417e-01 9.504143987356165058e-01 1.008178691722231290e+00 1.093622747105851500e+00 8.698746042133873591e-01 1.126475000812760641e+00 1.029522214674575276e+00
9.197826939897240095e-01 8.788758987632973030e-01 9.960555739885416093e-01 1.105254442417503480e+00 1.197827438820862733e+00 1.084921194035326941e+00 8.788296359155943760e-01 1.061116513570248276e+00 8.952541537983274011e-01 8.443339962430687073e-01 1.024982868672473790e+00
1.053710478635145220e+00 1.099457249434655948e+00 9.649797743177543907e-01 9.052111558268940428e-01 8.301439602828091235e-01 1.129881823287527842e+00 1.021491422184507503e+00 1.106043790133179217e+00 7.702009081737801743e-01 1.092115228639527480e+00 1.016777865789609159e+00
1.092526848426918162e+00 1.338313126549820931e+00 9.414986880096612998e-01 1.137604001212281224e+00 1.080880595427540225e+00 9.105515005091779912e-01 1.040262958406909855e+00 9.249736736777186552e-01 1.202081215956019244e+00 1.144837366527222011e+00 9.807513507099401284e-01
1.040638248293382251e+00 9.550023688080619966e-01 9.172539879970073029e-01 9.321895020692713141e-01 1.065615123132886310e+00 1.064346375500727415e+00 1.000189371779300451e+00 9.546903410780513966e-01 1.101229334838841556e+00 9.609712103581474762e-01 9.817233685092906503e-01
1.071426041473542368e+00 1.019667456856043763e+00 1.033089183671332956e+00 1.111408134037215945e+00 9.349758583199256901e-01 1.043968373406523709e+00 1.028725046872975168e+00 9.159574103136362000e-01 1.010171085670102942e+00 8.157661722998339471e-01 9.773092212934449963e-01
1.037843020639378944e+00 1.035418132936888558e+00 1.061214507526147433e+00 8.168272117405390720e-01 7.778818602738379884e-01 8.746192721112989732e-01 1.092290340493976553e+00 8.788988633563262765e-01 9.922159635091107877e-01 1.171096235998853929e+00 1.000125851999421167e+00
8.935553188954945547e-01 9.066316308811407376e-01 9.687778124708220640e-01 1.241578868079720399e+00 7.080219359159497516e-01 1.016175233532345734e+00 8.372522125549908267e-01 9.985711773764913701e-01 6.375701886323537071e-01 9.038004583375447432e-01 1.012002464621379882e+00
1.076275597273374407e+00 9.018028705489476993e-01 9.946553431294241632e-01 1.116255768351182454e+00 7.629319867722480497e-01 1.031439336905260795e+00 9.405417913001814512e-01 8.431499844305669900e-01 1.163470027040025112e+00 1.274436466953694724e+00 9.874192604110910709e-01
1.055598698937612046e+00 7.578491706756772528e-01 9.998616023334238045e-01 9.480530152895612073e-01 1.087319674324550789e+00 1.006781070854968929e+00 1.014358573568976407e+00 9.854333022933207120e-01 6.680452702760451000e-01 1.194755847092611400e+00 1.003713760361946372e+00
1.189388872575319889e+00 1.044590891294735258e+00 1.059414483928026396e+00 9.303712157460426457e-01 9.577687090418407490e-01 9.404505390959184696e-01 1.112540183559994178e+00 1.028264687101945407e+00 1.018903044589946516e+00 9.190931120691123724e-01 1.000780586280548334e+00
1.003186408318309963e+00 1.293837131138128482e+00 9.743920698100204669e-01 1.023279877962632201e+00 1.034253079391016295e+00 1.174368470310797719e+00 9.773430669483413880e-01 1.077273017900022722e+00 1.156832697299010171e+00 8.414250581256061956e-01 9.785586837838513574e-01
1.065181280647937934e+00 1.133444592009422047e+00 9.763775119784730006e-01 1.069182418871530205e+00 8.503646843381134079e-01 9.394826982763210266e-01 1.159972751688809423e+00 9.566804343762785878e-01 6.798204160449642375e-01 9.866526213743654905e-01 9.888452312853885928e-01
9.407385029967924028e-01 9.845548192926134590e-01 9.850953000398970927e-01 1.084757057614067488e+00 9.998999415538425417e-01 9.723180615836610752e-01 1.075681150826966137e+00 1.044081583891144582e+00 1.233314202935710924e+00 9.579448968949537679e-01 9.930721915903971686e-01
9.159612707327988712e-01 1.075145587441209027e+00 1.043812614754375367e+00 1.062272379632409613e+00 1.305510059942911250e+00 8.771482527325673573e-01 7.585061216862213351e-01 8.861111995725784451e-01 9.263442390478660027e-01 1.096703591139595479e+00 9.966234150255117719e-01
9.071253654439446201e-01 7.295352250488071899e-01 9.299670286890499016e-01 9.144497142186899241e-01 7.982282865255249105e-01 9.840833508070008229e-01 9.800625840292108704e-01 1.143523462747994213e+00 5.089993474758431891e-01 9.290272654847502309e-01 9.989032180539294536e-01
9.830715494996380421e-01 1.124729191187881172e+00 1.075266733879174597e+00 1.028043902520557440e+00 1.114338203387807757e+00 9.751700063278938568e-01 1.127489288515616916e+00 1.084109312802008951e+00 1.040614195994874258e+00 1.068663083600332575e+00 1.043273733970212280e+00
9.938556373858666859e-01 1.106001892003632969e+00 1.084677231979542578e+00 8.575340580666213075e-01 9.389301980573224737e-01 1.003595292655906857e+00 1.018804836215694509e+00 1.133512791209651205e+00 9.233240291552534673e-01 1.161203564186884307e+00 9.679783802752192079e-01
9.955546630542692066e-01 1.076995887068225688e+00 9.667291811657431344e-01 9.847173711783615557e-01 1.289525611141357775e+00 8.649613792967101311e-01 9.153995850780495269e-01 7.626776955646422662e-01 9.530009117615942937e-01 9.838924470143709522e-01 1.025596349033322419e+00
9.878604279448808256e-01 1.011479629671541813e+00 1.004282233256613699e+00 9.736059319895739028e-01 9.901661543472308757e-01 9.384760656941023571e-01 8.107009681348552599e-01 9.184468900184479256e-01 1.221528633146541809e+00 1.010418032522195420e+00 9.828855935600006033e-01
8.601447685719684211e-01 1.061698764685661267e+00 9.727948507245518517e-01 8.855141841379308154e-01 1.098914003064918044e+00 1.040650803897883003e+00 1.030610635873278058e+00 1.051082147526908761e+00 9.431324415066765221e-01 1.045265062681780988e+00 9.911469524058187375e-01
8.884527489911682174e-01 1.101823784511948734e+00 1.085858800599850404e+00 9.057969109990475776e-01 1.083589797213407202e+00 1.049169166604912551e+00 9.230760515273757072e-01 1.127451556762077312e+00 9.316286092852366085e-01 9.088921942713281688e-01 9.893371498212063520e-01
7.603254863363035909e-01 9.750003720629984993e-01 9.832235497063787077e-01 7.835222531213232866e-01 1.253967737380495828e+00 1.052721826268796290e+00 9.905909557947001343e-01 8.636104443628085381e-01 9.755102005519326047e-01 1.078491598937390883e+00 9.999589993928846843e-01
9.926430613901059408e-01 8.060735167407452328e-01 1.078474975063014929e+00 1.057116390258991734e+00 9.126758911968128052e-01 1.042171275408711129e+00 9.784075287985871672e-01 1.095670863750017210e+00 1.006363813479810743e+00 1.064341990501378232e+00 1.006775834209946208e+00
8.959171050470421394e-01 7.875018373066441368e-01 9.933494946679339854e-01 9.476836452750043716e-01 1.216467827895802323e+00 9.310452807117501894e-01 1.011131876627300752e+00 9.003579706268866056e-01 6.921261533615264971e-01 9.987633938541236045e-01 9.693989815723524917e-01
9.841286775202381376e-01 7.156755790806439421e-01 1.010749048867694011e+00 9.686507116312614851e-01 8.532012356078204629e-01 9.762790035772708208e-01 9.616752312099596800e-01 1.052416822345234149e+00 1.092048245592301736e+00 1.140905206572401909e+00 1.002496016994089523e+00
1.074647212331897084e+00 9.702864865718611176e-01 1.064468384336419771e+00 1.144645355758679983e+00 8.477221537927034367e-01 1.227368061982849978e+00 8.466211946310042702e-01 1.027460401655677646e+00 1.175453618116118371e+00 9.530845131827714312e-01 1.003542312275532478e+00
8.779362374164574323e-01 1.377552642685573314e+00 9.984933880933555272e-01 9.447640275661152165e-01 1.141138816975263648e+00 1.077473767688716499e+00 9.368184476615063483e-01 1.016843351119792294e+00 9.999275954939931266e-01 1.259388006309628549e+00 9.882571361409036026e-01
1.045150641242022616e+00 9.150545735440719364e-01 9.084986992207957357e-01 9.875225887233284316e-01 1.008057685159098105e+00 1.063076966735274853e+00 8.985385161823804534e-01 9.891141699005890908e-01 1.110574838585016932e+00 8.379063407507292283e-01 9.942237105824576204e-01
9.222873440017822499e-01 1.053030524695516723e+00 8.925630182928639966e-01 1.189192371959554295e+00 1.205540534413402254e+00 8.211528578693937375e-01 9.483326348857006316e-01 1.124303603717316857e+00 9.831080365775174412e-01 8.528798828893582318e-01 1.002722190818229331e+00
9.745851680972669184e-01 1.084089108405961621e+00 9.634356964012620317e-01 1.040642469652400370e+00 1.148309225226378683e+00 1.139662318553813725e+00 9.923084207654758737e-01 1.120332320837005735e+00 1.188757277059472539e+00 1.051241738836601325e+00 1.001792950990003650e+00
1.033535996647552802e+00 1.329013605456932368e+00 1.047686698183052378e+00 9.511990097476107353e-01 1.052713276588521873e+00 8.445148911971942507e-01 1.121105566272182053e+00 1.046414061111348826e+00 1.007498920392001507e+00 9.414480418187316513e-01 9.938260701240931860e-01
1.020657735188992499e+00 1.155380933047997605e+00 1.017942905035608581e+00 1.043815484180822262e+00 9.625927019606851376e-01 1.106037597166539488e+00 9.892161967360660890e-01 8.823801393593830866e-01 8.416442539900093056e-01 8.908058007467490880e-01 1.014127779411324148e+00
9.614862802253489882e-01 1.043062866429986135e+00 9.549780921870757444e-01 1.013831831444996112e+00 9.040305944379103398e-01 9.802834397819054635e-01 1.034886744230377076e+00 1.049545979679795238e+00 1.055291987931146647e+00 7.231330447910628845e-01 9.791314581463089750e-01
1.056671120169763389e+00 1.072579498032882661e+00 9.818160933421085090e-01 1.108805788150798000e+00 6.515505070991907122e-01 1.059569586852742606e+00 8.706315318636015377e-01 9.517443761007012837e-01 1.030644465902217588e+00 9.119584413365090514e-01 9.951185359373814210e-01
